Iteration	CPUTime	PhysTime	Travels	Value	AvValue	MinValue	MaxValue	Delta	Criteria	PrevAvRefValue	Progress	CriteriaType	CriteriaVarType	CriteriaPercentage
1	1	0	0.025	3.5115391e-10	3.5115391e-10	3.5115391e-10	3.5115391e-10	0	0	0	0	0	0	3
2	1	0	0.05	-2.53141201e-06	-1.26553043e-06	-2.53141201e-06	3.5115391e-10	1.26588158e-06	0	0	0	0	0	3
3	1	0	0.075	-2.74086946e-06	-1.75731011e-06	-2.74086946e-06	3.5115391e-10	1.75766126e-06	0	0	0	0	0	3
4	2	0	0.1	-6.52335723e-07	-1.48106651e-06	-2.74086946e-06	3.5115391e-10	1.75766126e-06	0	0	0	0	0	3
5	2	0	0.125	-3.57047508e-07	-1.25626271e-06	-2.74086946e-06	3.5115391e-10	1.75766126e-06	0	0	0	0	0	3
6	2	0	0.15	-1.281767e-07	-1.06824838e-06	-2.74086946e-06	3.5115391e-10	1.75766126e-06	0	0	0	0	0	3
7	2	0	0.175	-5.85000922e-08	-9.2399862e-07	-2.74086946e-06	3.5115391e-10	1.75766126e-06	0	0	0	0	0	3
8	2	0	0.2	5.92851839e-09	-8.07757728e-07	-2.74086946e-06	5.92851839e-09	1.75766126e-06	0	0	0	0	0	3
9	2	0	0.225	-2.39453122e-08	-7.2066746e-07	-2.74086946e-06	5.92851839e-09	1.75766126e-06	0	0	0	0	0	3
10	3	0	0.25	6.74887983e-08	-6.41851834e-07	-2.74086946e-06	6.74887983e-08	1.75766126e-06	0	0	0	0	0	3
11	3	0	0.275	-2.73698263e-08	-5.85989833e-07	-2.74086946e-06	6.74887983e-08	1.75766126e-06	0	0	0	0	0	3
12	3	0	0.3	8.24082557e-08	-5.30289992e-07	-2.74086946e-06	8.24082557e-08	1.75766126e-06	0	0	0	0	0	3
13	3	0	0.325	-3.11977789e-08	-4.91898284e-07	-2.74086946e-06	8.24082557e-08	1.75766126e-06	0	0	0	0	0	3
14	3	0	0.35	1.2441098e-08	-4.55874042e-07	-2.74086946e-06	8.24082557e-08	1.75766126e-06	0	0	0	0	0	3
15	4	0	0.375	-3.49509753e-08	-4.27812504e-07	-2.74086946e-06	8.24082557e-08	1.75766126e-06	0	0	0	0	0	3
16	4	0	0.4	6.63176313e-09	-4.00659738e-07	-2.74086946e-06	8.24082557e-08	1.75766126e-06	0	0	0	0	0	3
17	4	0	0.425	-6.09330857e-08	-3.80675817e-07	-2.74086946e-06	8.24082557e-08	1.75766126e-06	0	0	0	0	0	3
18	4	0	0.45	4.17309638e-08	-3.57208774e-07	-2.74086946e-06	8.24082557e-08	1.75766126e-06	0	0	0	0	0	3
19	4	0	0.475	1.89641967e-08	-3.37410196e-07	-2.74086946e-06	8.24082557e-08	1.75766126e-06	0	0	0	0	0	3
20	4	0	0.5	1.87919377e-07	-3.11143718e-07	-2.74086946e-06	1.87919377e-07	1.75766126e-06	0	0	0	0	0	3
21	4	0	0.525	4.77599469e-08	-3.08773278e-07	-2.74086946e-06	1.87919377e-07	1.44853683e-06	0	0	0	0	0	3
22	5	0	0.55	-1.13226305e-07	-1.87863992e-07	-2.74086946e-06	1.87919377e-07	1.56944611e-06	0	0	0	0	0	3
23	5	0	0.575	1.35367118e-07	-4.40521635e-08	-6.52335723e-07	1.87919377e-07	8.40255099e-07	0	0	0	0	0	3
24	5	0	0.6	-2.71419375e-08	-1.27924743e-08	-3.57047508e-07	1.87919377e-07	5.44966885e-07	0	0	0	0	0	3
25	5	0	0.625	5.79450743e-08	7.95715485e-09	-1.281767e-07	1.87919377e-07	3.16096076e-07	0	0	0	0	0	3
26	5	0	0.65	1.61769037e-07	2.24544417e-08	-1.13226305e-07	1.87919377e-07	3.01145681e-07	0	0	0	0	0	3
27	5	0	0.675	1.25361227e-07	3.16475076e-08	-1.13226305e-07	1.87919377e-07	3.01145681e-07	0	0	0	0	0	3
28	6	0	0.7	5.12272673e-07	5.69647154e-08	-1.13226305e-07	5.12272673e-07	6.25498978e-07	0	0	0	0	0	3
29	6	0	0.725	4.57476327e-07	8.10357973e-08	-1.13226305e-07	5.12272673e-07	6.25498978e-07	0	0	0	0	0	3
30	6	0	0.75	5.48866232e-07	1.05104669e-07	-1.13226305e-07	5.48866232e-07	6.62092536e-07	0	0	0	0	0	3
31	6	0	0.775	1.207957e-06	1.6687101e-07	-1.13226305e-07	1.207957e-06	6.97161003e-07	0	0	0	0	0	3
32	6	0	0.8	2.77131096e-06	3.01316146e-07	-1.13226305e-07	2.77131096e-06	7.93214429e-07	0	0	0	0	0	3
33	6	0	0.825	7.02232358e-07	3.37987652e-07	-1.13226305e-07	2.77131096e-06	7.93861695e-07	0	0	0	0	0	3
34	7	0	0.85	-1.11185618e-07	3.31806317e-07	-1.13226305e-07	2.77131096e-06	7.65800157e-07	0	0	0	0	0	3
35	7	0	0.875	-4.76017602e-06	9.55450645e-08	-4.76017602e-06	2.77131096e-06	7.3864739e-07	0	0	0	0	0	3
36	7	0	0.9	-2.07793311e-06	-8.68317937e-09	-4.76017602e-06	2.77131096e-06	7.18663469e-07	0	0	0	0	0	3
37	7	0	0.925	-1.02889826e-05	-5.20085654e-07	-1.02889826e-05	2.77131096e-06	8.58073306e-07	0	0	0	0	0	3
38	7	0	0.95	-3.22574201e-06	-6.83459303e-07	-1.02889826e-05	2.77131096e-06	1.02144696e-06	0	0	0	0	0	3
39	7	0	0.975	-1.1692887e-05	-1.26905186e-06	-1.1692887e-05	2.77131096e-06	1.60703952e-06	0	0	0	0	0	3
40	8	0	1	-3.42025418e-06	-1.44946054e-06	-1.1692887e-05	2.77131096e-06	1.78744819e-06	0.253546279	0	100	0	0	3
41	8	0	1.025	-1.0267012e-05	-1.96519914e-06	-1.1692887e-05	2.77131096e-06	2.30318679e-06	0.253375259	0	100	0	0	3
42	8	0	1.05	-6.59728638e-06	-2.28940214e-06	-1.1692887e-05	2.77131096e-06	2.6273898e-06	0.252819293	0	100	0	0	3
43	8	0	1.075	-7.05865805e-06	-2.6491034e-06	-1.1692887e-05	2.77131096e-06	2.98709105e-06	0.254432577	0	100	0	0	3
44	8	0	1.1	-1.29517991e-05	-3.13970796e-06	-1.29517991e-05	2.77131096e-06	3.47769561e-06	0.25020928	0	100	0	0	3
45	8	0	1.125	-7.01105758e-06	-3.47227537e-06	-1.29517991e-05	2.77131096e-06	3.81026302e-06	0.249703682	0	100	0	0	3
46	8	0	1.15	2.66176899e-06	-3.34828375e-06	-1.29517991e-05	2.77131096e-06	3.81026302e-06	0.248617429	0	100	0	0	3
47	9	0	1.175	6.89488419e-06	-3.02765922e-06	-1.29517991e-05	6.89488419e-06	3.81026302e-06	0.2480073	0	100	0	0	3
48	9	0	1.2	1.06760573e-05	-2.52524512e-06	-1.29517991e-05	1.06760573e-05	3.81026302e-06	0.245169556	0	100	0	0	3
49	9	0	1.225	9.93496164e-06	-2.07654565e-06	-1.29517991e-05	1.06760573e-05	3.81026302e-06	0.248689995	0	100	0	0	3
50	9	0	1.25	9.11733056e-06	-1.66417164e-06	-1.29517991e-05	1.06760573e-05	3.81026302e-06	0.248475923	0	100	0	0	3
51	9	0	1.275	9.21657647e-06	-1.25142353e-06	-1.29517991e-05	1.06760573e-05	3.81026302e-06	0.251006316	0	100	0	0	3
52	9	0	1.3	6.78390193e-06	-9.85902343e-07	-1.29517991e-05	1.06760573e-05	3.81026302e-06	0.250668613	0	100	0	0	3
53	10	0	1.325	4.67077886e-06	-8.95451491e-07	-1.29517991e-05	1.06760573e-05	3.81026302e-06	0.249010934	0	100	0	0	3
54	10	0	1.35	3.0337372e-06	-7.84427451e-07	-1.29517991e-05	1.06760573e-05	3.80408169e-06	0.24907692	0	100	0	0	3
55	10	0	1.375	2.53449039e-06	-6.58442879e-07	-1.29517991e-05	1.06760573e-05	3.56782043e-06	0.251180878	0	100	0	0	3
56	10	0	1.4	4.83715548e-07	-4.08733757e-07	-1.29517991e-05	1.06760573e-05	3.46359219e-06	0.248972329	0	100	0	0	3
57	10	0	1.425	6.65117019e-07	-2.78112322e-07	-1.29517991e-05	1.06760573e-05	3.19416305e-06	0.251721236	0	100	0	0	3
58	10	0	1.45	1.35378452e-06	2.76305159e-07	-1.29517991e-05	1.06760573e-05	3.74858053e-06	0.251969593	0	100	0	0	3
59	11	0	1.475	-1.34791551e-06	3.65725468e-07	-1.29517991e-05	1.06760573e-05	3.83800084e-06	0.255335187	0	100	0	0	3
60	11	0	1.5	-1.41498467e-06	8.5514939e-07	-1.29517991e-05	1.06760573e-05	4.32742476e-06	0.252667335	0	100	0	0	3
61	11	0	1.525	-1.55791699e-06	9.43832113e-07	-1.29517991e-05	1.06760573e-05	4.41610748e-06	0.257956638	0	100	0	0	3
62	11	0	1.55	-2.4489429e-06	1.31612112e-06	-1.29517991e-05	1.06760573e-05	4.78839649e-06	0.260915305	0	100	0	0	3
63	11	0	1.575	-2.44943301e-06	1.51363794e-06	-1.29517991e-05	1.06760573e-05	4.98591331e-06	0.261214331	0	100	0	0	3
64	12	0	1.6	-2.07533379e-06	1.7509391e-06	-1.29517991e-05	1.06760573e-05	5.22321447e-06	0.264040573	0	100	0	0	3
65	12	0	1.625	-2.04842291e-06	2.27014749e-06	-7.01105758e-06	1.06760573e-05	5.74242286e-06	0.26167592	0	100	0	0	3
66	12	0	1.65	-1.07374214e-06	2.5528768e-06	-2.44943301e-06	1.06760573e-05	5.90116055e-06	0.262898003	0	100	0	0	3
67	12	0	1.675	-1.02731605e-06	2.37720608e-06	-2.44943301e-06	1.06760573e-05	5.58053602e-06	0.268767952	0	100	0	0	3
68	12	0	1.7	-5.76284186e-07	2.02143616e-06	-2.44943301e-06	1.06760573e-05	5.07812192e-06	0.269003207	0	100	0	0	3
69	12	0	1.725	-1.52365781e-06	1.44049734e-06	-2.44943301e-06	9.93496164e-06	4.62942245e-06	0.26997676	0	100	0	0	3
70	12	0	1.75	-2.49270794e-07	9.55533892e-07	-2.44943301e-06	9.21657647e-06	4.21704843e-06	0.271337105	0	100	0	0	3
71	13	0	1.775	-1.17125942e-06	4.65601036e-07	-2.44943301e-06	9.21657647e-06	3.80430033e-06	0.269241958	0	100	0	0	3
72	13	0	1.8	-3.80102815e-07	8.61630784e-09	-2.44943301e-06	6.78390193e-06	3.53877914e-06	0.266634729	0	100	0	0	3
73	13	0	1.825	-7.84437846e-07	-3.51780824e-07	-2.44943301e-06	4.67077886e-06	3.44832829e-06	0.267078253	0	100	0	0	3
74	13	0	1.85	-5.27860676e-07	-5.99335088e-07	-2.44943301e-06	3.0337372e-06	3.33730425e-06	0.266473645	0	100	0	0	3
75	13	0	1.875	-1.69815847e-06	-8.24663453e-07	-2.44943301e-06	2.53449039e-06	3.37754025e-06	0.263740721	0	100	0	0	3
76	13	0	1.9	-1.81133718e-06	-1.03160762e-06	-2.44943301e-06	1.35378452e-06	3.58448442e-06	0.2615688	0	100	0	0	3
77	14	0	1.925	-1.62984806e-06	-1.13225351e-06	-2.44943301e-06	1.35378452e-06	3.68513031e-06	0.261989603	0	100	0	0	3
78	14	0	1.95	-5.11824439e-06	-1.40765167e-06	-5.11824439e-06	1.35378452e-06	3.96052847e-06	0.261798911	0	100	0	0	3
79	14	0	1.975	-2.43483956e-06	-1.58806234e-06	-5.11824439e-06	-2.49270794e-07	4.14093914e-06	0.264270077	0	100	0	0	3
80	14	0	2	-3.36512124e-06	-1.68411976e-06	-5.11824439e-06	-2.49270794e-07	4.23699655e-06	0.264076948	0	100	0	0	3
81	14	0	2.025	-2.33248583e-06	-1.72781029e-06	-5.11824439e-06	-2.49270794e-07	4.28068709e-06	0.264384989	0	100	0	0	3
82	14	0	2.05	-2.91294716e-06	-1.79233553e-06	-5.11824439e-06	-2.49270794e-07	4.34521233e-06	0.264329372	0	100	0	0	3
83	15	0	2.075	-2.2798241e-06	-1.78428226e-06	-5.11824439e-06	-2.49270794e-07	4.34521233e-06	0.264507715	0	100	0	0	3
84	15	0	2.1	-7.44520734e-06	-2.02217627e-06	-7.44520734e-06	-2.49270794e-07	4.57505307e-06	0.264564691	0	100	0	0	3
85	15	0	2.125	-3.07299151e-06	-2.06968378e-06	-7.44520734e-06	-2.49270794e-07	4.62256058e-06	0.264834804	0	100	0	0	3
86	15	0	2.15	-1.70579753e-06	-2.05336829e-06	-7.44520734e-06	-2.49270794e-07	4.62256058e-06	0.265115455	0	100	0	0	3
87	15	0	2.175	-3.38367876e-06	-2.16336527e-06	-7.44520734e-06	-2.49270794e-07	4.54057135e-06	0.268263432	0	100	0	0	3
88	15	0	2.2	-1.82547414e-06	-2.2013728e-06	-7.44520734e-06	-2.49270794e-07	4.22280896e-06	0.263258891	0	100	0	0	3
89	16	0	2.225	-2.76978451e-06	-2.3058252e-06	-7.44520734e-06	-2.49270794e-07	3.74632254e-06	0.263397897	0	100	0	0	3
90	16	0	2.25	-2.46278259e-06	-2.35054543e-06	-7.44520734e-06	-2.49270794e-07	3.30607932e-06	0.261257767	0	100	0	0	3
91	16	0	2.275	-2.59876555e-06	-2.46242613e-06	-7.44520734e-06	-3.80102815e-07	2.92802716e-06	0.263835855	0	100	0	0	3
92	16	0	2.3	-1.72755796e-06	-2.48891653e-06	-7.44520734e-06	-3.80102815e-07	2.49753284e-06	0.264605404	0	100	0	0	3
93	16	0	2.325	-1.18115073e-06	-2.52706167e-06	-7.44520734e-06	-5.27860676e-07	2.17528085e-06	0.267506529	0	100	0	0	3
94	16	0	2.35	-1.59611328e-06	-2.56571288e-06	-7.44520734e-06	-5.27860676e-07	1.9663778e-06	0.26738342	0	100	0	0	3
95	17	0	2.375	8.35398879e-08	-2.53659857e-06	-7.44520734e-06	8.35398879e-08	1.74104943e-06	0.267453358	0	100	0	0	3
96	17	0	2.4	-4.38923962e-07	-2.47663502e-06	-7.44520734e-06	8.35398879e-08	1.53410526e-06	0.265409483	0	100	0	0	3
97	17	0	2.425	-7.72453246e-07	-2.42716436e-06	-7.44520734e-06	8.35398879e-08	1.43345937e-06	0.268466086	0	100	0	0	3
98	17	0	2.45	-9.57527072e-07	-2.39514907e-06	-7.44520734e-06	8.35398879e-08	1.15806121e-06	0.265586083	0	100	0	0	3
99	17	0	2.475	-2.44593218e-06	-2.26789611e-06	-7.44520734e-06	8.35398879e-08	9.77650542e-07	0.265826817	0	100	0	0	3
100	18	0	2.5	-3.25013142e-06	-2.30671953e-06	-7.44520734e-06	8.35398879e-08	8.81593126e-07	0.263581896	0	100	0	0	3
101	18	0	2.525	-4.05353856e-06	-2.33950131e-06	-7.44520734e-06	8.35398879e-08	8.37902595e-07	0.266108185	0	100	0	0	3
102	18	0	2.55	-1.98165445e-06	-2.32279506e-06	-7.44520734e-06	8.35398879e-08	7.81430625e-07	0.263826328	0	100	0	0	3
103	18	0	2.575	-4.41028663e-06	-2.39409694e-06	-7.44520734e-06	8.35398879e-08	7.81430625e-07	0.266255945	0	100	0	0	3
104	18	0	2.6	-1.77432148e-06	-2.37002538e-06	-7.44520734e-06	8.35398879e-08	5.4353661e-07	0.263969998	0	100	0	0	3
105	18	0	2.625	-3.67865352e-06	-2.19066568e-06	-4.41028663e-06	8.35398879e-08	5.12344593e-07	0.266897341	0	100	0	0	3
106	19	0	2.65	-2.6859405e-07	-2.05712294e-06	-4.41028663e-06	8.35398879e-08	5.12344593e-07	0.264244501	0	100	0	0	3
107	19	0	2.675	-8.141466e-07	-2.01466337e-06	-4.41028663e-06	8.35398879e-08	5.51049513e-07	0.267076664	0	100	0	0	3
108	19	0	2.7	-2.87415395e-06	-1.99040029e-06	-4.41028663e-06	8.35398879e-08	5.75312599e-07	0.267126794	0	100	0	0	3
109	19	0	2.725	-2.7331485e-06	-2.03362287e-06	-4.41028663e-06	8.35398879e-08	5.75312599e-07	0.265959512	0	100	0	0	3
110	19	0	2.75	-8.30784266e-07	-1.94128953e-06	-4.41028663e-06	8.35398879e-08	6.24423355e-07	0.265838613	0	100	0	0	3
111	19	0	2.775	-2.76057059e-06	-1.95546991e-06	-4.41028663e-06	8.35398879e-08	6.24423355e-07	0.268710232	0	100	0	0	3
112	20	0	2.8	-2.15483742e-06	-1.93433048e-06	-4.41028663e-06	8.35398879e-08	6.31382409e-07	0.265435913	0	100	0	0	3
113	20	0	2.825	-7.26129675e-07	-1.88664341e-06	-4.41028663e-06	8.35398879e-08	6.7906947e-07	0.266121083	0	100	0	0	3
114	20	0	2.85	-1.77864629e-06	-1.91509558e-06	-4.41028663e-06	8.35398879e-08	6.7906947e-07	0.265561996	0	100	0	0	3
115	20	0	2.875	-1.45582626e-06	-1.90841525e-06	-4.41028663e-06	8.35398879e-08	6.49955158e-07	0.265807842	0	100	0	0	3
116	20	0	2.9	-1.67282255e-07	-1.92035916e-06	-4.41028663e-06	-1.67282255e-07	5.89991609e-07	0.265526779	0	100	0	0	3
117	20	0	2.925	-1.67082624e-06	-1.97902117e-06	-4.41028663e-06	-1.67282255e-07	5.40520946e-07	0.265823414	0	100	0	0	3
118	20	0	2.95	-4.2404703e-07	-1.9624304e-06	-4.41028663e-06	-1.67282255e-07	5.08505661e-07	0.265619387	0	100	0	0	3
119	21	0	2.975	-1.54016066e-06	-1.99017486e-06	-4.41028663e-06	-1.67282255e-07	5.07453521e-07	0.265830446	0	100	0	0	3
120	21	0	3	-1.67241102e-06	-1.95334052e-06	-4.41028663e-06	-1.67282255e-07	5.07453521e-07	0.266199724	0	100	0	0	3
121	21	0	3.025	-2.1990772e-06	-1.90329032e-06	-4.41028663e-06	-1.67282255e-07	5.07453521e-07	0.266371485	0	100	0	0	3
122	21	0	3.05	-2.06675468e-06	-1.80868156e-06	-4.41028663e-06	-1.67282255e-07	5.85415375e-07	0.263063819	0	100	0	0	3
123	21	0	3.075	-6.37209102e-07	-1.74466035e-06	-4.41028663e-06	-1.67282255e-07	6.49436582e-07	0.263305127	0	100	0	0	3
124	21	0	3.1	-1.44638367e-06	-1.60352212e-06	-3.67865352e-06	-1.67282255e-07	7.66503265e-07	0.265869824	0	100	0	0	3
125	22	0	3.125	-2.49252629e-06	-1.63772235e-06	-3.67865352e-06	-1.67282255e-07	5.8714356e-07	0.26613477	0	100	0	0	3
126	22	0	3.15	5.79036068e-07	-1.43497522e-06	-2.87415395e-06	5.79036068e-07	6.22147717e-07	0.265898003	0	100	0	0	3
127	22	0	3.175	9.72467522e-07	-1.37587705e-06	-2.87415395e-06	9.72467522e-07	6.57745821e-07	0.265860962	0	100	0	0	3
128	22	0	3.2	-4.19142008e-07	-1.35706731e-06	-2.87415395e-06	9.72467522e-07	6.76555564e-07	0.265858419	0	100	0	0	3
129	22	0	3.225	1.0729729e-06	-1.16910889e-06	-2.76057059e-06	1.0729729e-06	8.64513986e-07	0.268308504	0	100	0	0	3
130	22	0	3.25	4.38317004e-07	-1.01808672e-06	-2.76057059e-06	1.0729729e-06	9.72088137e-07	0.265723801	0	100	0	0	3
131	23	0	3.275	4.60834632e-07	-9.5658106e-07	-2.76057059e-06	1.0729729e-06	1.0335938e-06	0.265833861	0	100	0	0	3
132	23	0	3.3	-1.85524183e-07	-8.33959803e-07	-2.49252629e-06	1.0729729e-06	1.15621506e-06	0.265740349	0	100	0	0	3
133	23	0	3.325	-6.97529173e-07	-7.64564172e-07	-2.49252629e-06	1.0729729e-06	1.22561069e-06	0.265753719	0	100	0	0	3
134	23	0	3.35	-8.10138847e-07	-7.68564608e-07	-2.49252629e-06	1.0729729e-06	1.22561069e-06	0.265574404	0	100	0	0	3
135	23	0	3.375	-6.17079798e-07	-7.13251918e-07	-2.49252629e-06	1.0729729e-06	1.27692294e-06	0.265714037	0	100	0	0	3
136	23	0	3.4	-2.56523466e-06	-7.66080889e-07	-2.56523466e-06	1.0729729e-06	1.27692294e-06	0.265901703	0	100	0	0	3
137	24	0	3.425	9.96801381e-08	-7.53368395e-07	-2.56523466e-06	1.0729729e-06	1.27692294e-06	0.265865668	0	100	0	0	3
138	24	0	3.45	-1.99349191e-06	-7.68733427e-07	-2.56523466e-06	1.0729729e-06	1.27692294e-06	0.265828747	0	100	0	0	3
139	24	0	3.475	-1.40789067e-06	-8.15583124e-07	-2.56523466e-06	1.0729729e-06	1.27692294e-06	0.265954991	0	100	0	0	3
140	24	0	3.5	-1.51830359e-06	-8.14542311e-07	-2.56523466e-06	1.0729729e-06	1.2400886e-06	0.265701663	0	100	0	0	3
141	24	0	3.525	-4.93182887e-07	-7.58388591e-07	-2.56523466e-06	1.0729729e-06	1.1900384e-06	0.265913763	0	100	0	0	3
142	24	0	3.55	-9.97308773e-07	-7.01161523e-07	-2.56523466e-06	1.0729729e-06	1.10752004e-06	0.266072045	0	100	0	0	3
143	25	0	3.575	-2.81436552e-06	-7.36762039e-07	-2.81436552e-06	1.0729729e-06	1.04349883e-06	0.268476883	0	100	0	0	3
144	25	0	3.6	2.49761863e-06	-5.87484528e-07	-2.81436552e-06	2.49761863e-06	1.05023782e-06	0.265902432	0	100	0	0	3
145	25	0	3.625	3.74233639e-07	-5.00788466e-07	-2.81436552e-06	2.49761863e-06	1.13693388e-06	0.268592542	0	100	0	0	3
146	25	0	3.65	-8.4027958e-07	-4.22110051e-07	-2.81436552e-06	2.49761863e-06	1.01286517e-06	0.265940223	0	100	0	0	3
147	25	0	3.675	-4.4638821e-07	-4.70939778e-07	-2.81436552e-06	2.49761863e-06	9.53767002e-07	0.263430166	0	100	0	0	3
148	25	0	3.7	2.63035119e-06	-3.91992937e-07	-2.81436552e-06	2.63035119e-06	9.65074373e-07	0.266054169	0	100	0	0	3
149	26	0	3.725	-9.86186665e-08	-3.76729921e-07	-2.81436552e-06	2.63035119e-06	7.92378968e-07	0.263593388	0	100	0	0	3
150	26	0	3.75	3.21997308e-06	-2.74491817e-07	-2.81436552e-06	3.21997308e-06	7.43594905e-07	0.26618964	0	100	0	0	3
151	26	0	3.775	-6.52771606e-07	-3.26448417e-07	-2.81436552e-06	3.21997308e-06	6.82089243e-07	0.263803231	0	100	0	0	3
152	26	0	3.8	4.79647674e-07	-3.25552558e-07	-2.81436552e-06	3.21997308e-06	5.59467986e-07	0.266055101	0	100	0	0	3
153	26	0	3.825	1.0093558e-07	-3.11911617e-07	-2.81436552e-06	3.21997308e-06	5.41091307e-07	0.265965018	0	100	0	0	3
154	26	0	3.85	3.89375136e-06	-9.32792108e-08	-2.81436552e-06	3.89375136e-06	7.22303913e-07	0.26610758	0	100	0	0	3
155	27	0	3.875	1.57705165e-07	-4.71914007e-08	-2.81436552e-06	3.89375136e-06	7.68391723e-07	0.263478169	0	100	0	0	3
156	27	0	3.9	4.50562774e-07	3.64872178e-09	-2.81436552e-06	3.89375136e-06	8.19231846e-07	0.266055816	0	100	0	0	3
157	27	0	3.925	-6.41826542e-07	9.52395844e-08	-2.81436552e-06	3.89375136e-06	9.10822708e-07	0.263460354	0	100	0	0	3
158	27	0	3.95	-2.58995735e-08	8.92595982e-08	-2.81436552e-06	3.89375136e-06	9.10822708e-07	0.266023097	0	100	0	0	3
159	27	0	3.975	1.984492e-06	2.78687403e-07	-2.81436552e-06	3.89375136e-06	1.09427053e-06	0.265893221	0	100	0	0	3
160	27	0	4	1.07404515e-06	3.96874823e-07	-2.81436552e-06	3.89375136e-06	1.21141713e-06	0.266108927	0	100	0	0	3
