Iteration	CPUTime	PhysTime	Travels	Value	AvValue	MinValue	MaxValue	Delta	Criteria	PrevAvRefValue	Progress	CriteriaType	CriteriaVarType	CriteriaPercentage
1	1	0	0.000653987716	-3.31055201e-11	-3.31055201e-11	-3.31055201e-11	-3.31055201e-11	0	0	0	0	0	0	3
5	3	0	0.00326993858	-8.41831344e-14	-1.65948516e-11	-3.31055201e-11	-8.41831344e-14	1.65106685e-11	0	0	0	0	0	3
10	4	0	0.00653987716	1.22554222e-15	-1.10628259e-11	-3.31055201e-11	1.22554222e-15	2.20426942e-11	0	0	0	0	0	3
15	5	0	0.00980981574	2.03689341e-14	-8.2920272e-12	-3.31055201e-11	2.03689341e-14	2.48134929e-11	0	0	0	0	0	3
20	7	0	0.0130797543	-5.54353505e-13	-6.74449246e-12	-3.31055201e-11	2.03689341e-14	2.63610277e-11	0	0	0	0	0	3
25	8	0	0.0163496929	-2.51252523e-13	-5.6622858e-12	-3.31055201e-11	2.03689341e-14	2.74432343e-11	0	0	0	0	0	3
30	9	0	0.0196196315	-7.79202812e-14	-4.8645193e-12	-3.31055201e-11	2.03689341e-14	2.82410008e-11	0	0	0	0	0	3
35	10	0	0.0228895701	-2.54638993e-11	-7.4394418e-12	-3.31055201e-11	2.03689341e-14	2.82410008e-11	0	0	0	0	0	3
40	11	0	0.0261595087	-1.59374181e-11	-8.38366139e-12	-3.31055201e-11	2.03689341e-14	2.82410008e-11	0	0	0	0	0	3
45	13	0	0.0294294472	2.43370429e-13	-7.52095821e-12	-3.31055201e-11	2.43370429e-13	2.82410008e-11	0	0	0	0	0	3
50	14	0	0.0326993858	-3.39487965e-12	-7.14586016e-12	-3.31055201e-11	2.43370429e-13	2.82410008e-11	0	0	0	0	0	3
55	15	0	0.0359693244	3.54718464e-12	-6.25477309e-12	-3.31055201e-11	3.54718464e-12	2.82410008e-11	0	0	0	0	0	3
60	16	0	0.039239263	-3.41849243e-12	-6.03659766e-12	-3.31055201e-11	3.54718464e-12	2.82410008e-11	0	0	0	0	0	3
65	17	0	0.0425092016	3.8238636e-12	-5.332279e-12	-3.31055201e-11	3.8238636e-12	2.82410008e-11	0	0	0	0	0	3
70	19	0	0.0457791401	-3.53118576e-12	-5.21220611e-12	-3.31055201e-11	3.8238636e-12	2.82410008e-11	0	0	0	0	0	3
75	20	0	0.0490490787	-1.57066561e-11	-5.86810924e-12	-3.31055201e-11	3.8238636e-12	2.82410008e-11	0	0	0	0	0	3
80	21	0	0.0523190173	2.02581988e-11	-4.33126759e-12	-3.31055201e-11	2.02581988e-11	2.87742526e-11	0	0	0	0	0	3
85	22	0	0.0555889559	2.4293278e-11	-2.74101505e-12	-3.31055201e-11	2.4293278e-11	3.03645051e-11	0	0	0	0	0	3
90	23	0	0.0588588945	-3.63962781e-12	-2.78831046e-12	-3.31055201e-11	2.4293278e-11	3.03645051e-11	0	0	0	0	0	3
95	25	0	0.062128833	1.68462878e-12	-2.5646635e-12	-3.31055201e-11	2.4293278e-11	3.05408566e-11	0	0	0	0	0	3
100	26	0	0.0653987716	-8.3369028e-12	-2.83953204e-12	-3.31055201e-11	2.4293278e-11	3.05408566e-11	0	0	0	0	0	3
105	27	0	0.0686687102	1.87811579e-12	-2.6250935e-12	-3.31055201e-11	2.4293278e-11	3.05408566e-11	0	0	0	0	0	3
110	29	0	0.0719386488	-1.85936904e-13	-2.51904321e-12	-3.31055201e-11	2.4293278e-11	3.05864769e-11	0	0	0	0	0	3
115	30	0	0.0752085874	4.02828258e-12	-2.24623797e-12	-3.31055201e-11	2.4293278e-11	3.08592822e-11	0	0	0	0	0	3
120	31	0	0.078478526	-3.87104099e-12	-2.31123009e-12	-3.31055201e-11	2.4293278e-11	3.08592822e-11	0	0	0	0	0	3
125	33	0	0.0817484645	4.08088364e-12	-2.06537956e-12	-3.31055201e-11	2.4293278e-11	3.10401406e-11	0	0	0	0	0	3
130	34	0	0.0850184031	-3.30545744e-11	-3.21312752e-12	-3.31055201e-11	2.4293278e-11	3.10401406e-11	0	0	0	0	0	3
135	35	0	0.0882883417	4.08460777e-12	-2.95249412e-12	-3.31055201e-11	2.4293278e-11	3.10401406e-11	0	0	0	0	0	3
140	36	0	0.0915582803	-3.93281158e-12	-2.98629817e-12	-3.31055201e-11	2.4293278e-11	3.10401406e-11	0	0	0	0	0	3
145	38	0	0.0948282189	-3.30657616e-11	-3.98894695e-12	-3.31055201e-11	2.4293278e-11	3.10401406e-11	0	0	0	0	0	3
150	39	0	0.0980981574	-3.87950445e-12	-3.98541655e-12	-3.31055201e-11	2.4293278e-11	3.10401406e-11	0	0	0	0	0	3
155	41	0	0.101368096	-3.50315827e-12	-3.97034598e-12	-3.31055201e-11	2.4293278e-11	3.10401406e-11	0	0	0	0	0	3
160	42	0	0.104638035	-3.91594622e-12	-3.9686975e-12	-3.31055201e-11	2.4293278e-11	3.10401406e-11	0	0	0	0	0	3
165	43	0	0.107907973	2.5056758e-13	-3.84460147e-12	-3.31055201e-11	2.4293278e-11	3.10401406e-11	0	0	0	0	0	3
170	45	0	0.111177912	-3.90918186e-12	-3.84644662e-12	-3.31055201e-11	2.4293278e-11	3.10401406e-11	0	0	0	0	0	3
175	46	0	0.11444785	4.07218369e-12	-3.62648467e-12	-3.31055201e-11	2.4293278e-11	3.10401406e-11	0	0	0	0	0	3
180	47	0	0.117717789	-4.00913279e-12	-3.63682651e-12	-3.31055201e-11	2.4293278e-11	3.10401406e-11	0	0	0	0	0	3
185	48	0	0.120987728	-3.62107823e-11	-4.49403587e-12	-3.62107823e-11	2.4293278e-11	3.10401406e-11	0	0	0	0	0	3
190	50	0	0.124257666	-4.00739176e-12	-4.48155782e-12	-3.62107823e-11	2.4293278e-11	3.10401406e-11	0	0	0	0	0	3
195	51	0	0.127527605	5.1372601e-12	-4.24108737e-12	-3.62107823e-11	2.4293278e-11	3.10401406e-11	0	0	0	0	0	3
200	52	0	0.130797543	-2.20973128e-13	-4.1430358e-12	-3.62107823e-11	2.4293278e-11	3.10401406e-11	0	0	0	0	0	3
205	54	0	0.134067482	2.77688395e-13	-4.03778047e-12	-3.62107823e-11	2.4293278e-11	3.10401406e-11	0	0	0	0	0	3
210	55	0	0.13733742	-4.12013086e-12	-4.03969559e-12	-3.62107823e-11	2.4293278e-11	3.10401406e-11	0	0	0	0	0	3
215	57	0	0.140607359	4.20490665e-12	-3.85231827e-12	-3.62107823e-11	2.4293278e-11	3.10401406e-11	0	0	0	0	0	3
220	58	0	0.143877298	-3.14513117e-13	-3.77370038e-12	-3.62107823e-11	2.4293278e-11	3.10401406e-11	0	0	0	0	0	3
225	59	0	0.147147236	2.23790981e-11	-3.20516128e-12	-3.62107823e-11	2.4293278e-11	3.10401406e-11	0	0	0	0	0	3
230	60	0	0.150417175	-3.00265983e-13	-3.143355e-12	-3.62107823e-11	2.4293278e-11	3.10401406e-11	0	0	0	0	0	3
235	62	0	0.153687113	-1.62952801e-11	-3.41735344e-12	-3.62107823e-11	2.4293278e-11	3.10401406e-11	0	0	0	0	0	3
240	63	0	0.156957052	-1.75829337e-11	-3.70644691e-12	-3.62107823e-11	2.4293278e-11	3.10401406e-11	0	0	0	0	0	3
245	64	0	0.16022699	3.08943694e-13	-3.6261391e-12	-3.62107823e-11	2.4293278e-11	3.10401406e-11	0	0	0	0	0	3
250	65	0	0.163496929	1.53076815e-11	-3.25488771e-12	-3.62107823e-11	2.4293278e-11	3.10401406e-11	0	0	0	0	0	3
255	67	0	0.166766868	3.85154081e-13	-3.18488691e-12	-3.62107823e-11	2.4293278e-11	3.10401406e-11	0	0	0	0	0	3
260	68	0	0.170036806	-2.310272e-11	-3.56069508e-12	-3.62107823e-11	2.4293278e-11	3.10401406e-11	0	0	0	0	0	3
265	69	0	0.173306745	2.5962408e-12	-3.44667775e-12	-3.62107823e-11	2.4293278e-11	3.10401406e-11	0	0	0	0	0	3
270	70	0	0.176576683	-4.23791689e-11	-4.15454123e-12	-4.23791689e-11	2.4293278e-11	3.10401406e-11	0	0	0	0	0	3
275	72	0	0.179846622	4.7229044e-12	-3.99601541e-12	-4.23791689e-11	2.4293278e-11	3.10401406e-11	0	0	0	0	0	3
280	73	0	0.183116561	-3.43173975e-13	-3.93193047e-12	-4.23791689e-11	2.4293278e-11	3.10401406e-11	0	0	0	0	0	3
285	74	0	0.186386499	2.99082767e-13	-3.85898197e-12	-4.23791689e-11	2.4293278e-11	3.10401406e-11	0	0	0	0	0	3
290	75	0	0.189656438	1.21082754e-11	-3.58835049e-12	-4.23791689e-11	2.4293278e-11	3.10401406e-11	0	0	0	0	0	3
295	77	0	0.192926376	1.59380918e-13	-3.5258883e-12	-4.23791689e-11	2.4293278e-11	3.10401406e-11	0	0	0	0	0	3
300	78	0	0.196196315	-5.64901043e-11	-4.39415413e-12	-5.64901043e-11	2.4293278e-11	3.10401406e-11	0	0	0	0	0	3
305	79	0	0.199466253	3.00493129e-12	-4.27481405e-12	-5.64901043e-11	2.4293278e-11	3.10401406e-11	0	0	0	0	0	3
310	81	0	0.202736192	-4.4461519e-12	-4.2775337e-12	-5.64901043e-11	2.4293278e-11	3.10401406e-11	0	0	0	0	0	3
315	82	0	0.206006131	3.17683787e-13	-4.20573342e-12	-5.64901043e-11	2.4293278e-11	3.10401406e-11	0	0	0	0	0	3
320	83	0	0.209276069	-4.02946441e-14	-4.14164975e-12	-5.64901043e-11	2.4293278e-11	3.10401406e-11	0	0	0	0	0	3
325	84	0	0.212546008	1.20979492e-12	-4.06056725e-12	-5.64901043e-11	2.4293278e-11	3.10401406e-11	0	0	0	0	0	3
330	86	0	0.215815946	-4.86190979e-11	-4.72561995e-12	-5.64901043e-11	2.4293278e-11	3.10401406e-11	0	0	0	0	0	3
335	87	0	0.219085885	1.31673294e-11	-4.46248834e-12	-5.64901043e-11	2.4293278e-11	3.10401406e-11	0	0	0	0	0	3
340	88	0	0.222355824	-2.48899114e-11	-4.75853795e-12	-5.64901043e-11	2.4293278e-11	3.10401406e-11	0	0	0	0	0	3
345	89	0	0.225625762	-3.87220861e-12	-4.7458761e-12	-5.64901043e-11	2.4293278e-11	3.10401406e-11	0	0	0	0	0	3
350	91	0	0.228895701	-2.93913044e-12	-4.72042898e-12	-5.64901043e-11	2.4293278e-11	3.10401406e-11	0	0	0	0	0	3
355	92	0	0.232165639	3.46116553e-11	-4.17415003e-12	-5.64901043e-11	3.46116553e-11	3.10401406e-11	0	0	0	0	0	3
360	93	0	0.235435578	3.02385573e-11	-3.70274308e-12	-5.64901043e-11	3.46116553e-11	3.10401406e-11	0	0	0	0	0	3
365	94	0	0.238705516	-6.70861271e-12	-3.74336294e-12	-5.64901043e-11	3.46116553e-11	3.10401406e-11	0	0	0	0	0	3
370	96	0	0.241975455	-5.88874583e-11	-4.47861755e-12	-5.88874583e-11	3.46116553e-11	3.10401406e-11	0	0	0	0	0	3
375	97	0	0.245245394	-3.72771574e-11	-4.91017728e-12	-5.88874583e-11	3.46116553e-11	3.10401406e-11	0	0	0	0	0	3
380	98	0	0.248515332	-4.3201552e-13	-4.85201934e-12	-5.88874583e-11	3.46116553e-11	3.10401406e-11	0	0	0	0	0	3
385	100	0	0.251785271	9.72517654e-13	-4.77734579e-12	-5.88874583e-11	3.46116553e-11	3.10401406e-11	0	0	0	0	0	3
390	101	0	0.255055209	-4.87329374e-13	-4.72304178e-12	-5.88874583e-11	3.46116553e-11	3.10401406e-11	0	0	0	0	0	3
395	102	0	0.258325148	-2.95207614e-11	-5.03301328e-12	-5.88874583e-11	3.46116553e-11	3.10401406e-11	0	0	0	0	0	3
400	103	0	0.261595087	-5.28251888e-11	-5.62304013e-12	-5.88874583e-11	3.46116553e-11	3.10401406e-11	0	0	0	0	0	3
405	105	0	0.264865025	7.56856316e-13	-5.54523652e-12	-5.88874583e-11	3.46116553e-11	3.10401406e-11	0	0	0	0	0	3
410	106	0	0.268134964	-3.01592341e-13	-5.48206008e-12	-5.88874583e-11	3.46116553e-11	3.10401406e-11	0	0	0	0	0	3
415	107	0	0.271404902	1.29493288e-12	-5.4013816e-12	-5.88874583e-11	3.46116553e-11	3.10401406e-11	0	0	0	0	0	3
420	109	0	0.274674841	-5.35944949e-11	-5.9683594e-12	-5.88874583e-11	3.46116553e-11	3.10401406e-11	0	0	0	0	0	3
425	110	0	0.277944779	5.23183768e-12	-5.83812455e-12	-5.88874583e-11	3.46116553e-11	3.10401406e-11	0	0	0	0	0	3
430	111	0	0.281214718	-5.34414624e-11	-6.38528935e-12	-5.88874583e-11	3.46116553e-11	3.10401406e-11	0	0	0	0	0	3
435	113	0	0.284484657	-6.30820746e-11	-7.029571e-12	-6.30820746e-11	3.46116553e-11	3.10401406e-11	0	0	0	0	0	3
440	114	0	0.287754595	-5.01395124e-11	-7.51395237e-12	-6.30820746e-11	3.46116553e-11	3.10401406e-11	0	0	0	0	0	3
445	115	0	0.291024534	1.69329814e-11	-7.24231977e-12	-6.30820746e-11	3.46116553e-11	3.10401406e-11	0	0	0	0	0	3
450	116	0	0.294294472	-2.00491587e-13	-7.16493704e-12	-6.30820746e-11	3.46116553e-11	3.10401406e-11	0	0	0	0	0	3
455	118	0	0.297564411	-5.02618348e-11	-7.63338158e-12	-6.30820746e-11	3.46116553e-11	3.10401406e-11	0	0	0	0	0	3
460	119	0	0.30083435	-3.2416383e-11	-7.89986547e-12	-6.30820746e-11	3.46116553e-11	3.10401406e-11	0	0	0	0	0	3
465	120	0	0.304104288	4.95652226e-13	-7.81055145e-12	-6.30820746e-11	3.46116553e-11	3.10401406e-11	0	0	0	0	0	3
470	121	0	0.307374227	-4.74130525e-12	-7.7782436e-12	-6.30820746e-11	3.46116553e-11	3.10401406e-11	0	0	0	0	0	3
475	123	0	0.310644165	-4.2948258e-11	-8.14459791e-12	-6.30820746e-11	3.46116553e-11	3.10401406e-11	0	0	0	0	0	3
480	124	0	0.313914104	-5.60682597e-11	-8.63865628e-12	-6.30820746e-11	3.46116553e-11	3.10401406e-11	0	0	0	0	0	3
485	125	0	0.317184042	-5.25361171e-11	-9.08658956e-12	-6.30820746e-11	3.46116553e-11	3.10401406e-11	0	0	0	0	0	3
490	126	0	0.320453981	-3.63520837e-11	-9.36199859e-12	-6.30820746e-11	3.46116553e-11	3.10401406e-11	0	0	0	0	0	3
495	128	0	0.32372392	-1.38840648e-11	-9.40721925e-12	-6.30820746e-11	3.46116553e-11	3.10401406e-11	0	0	0	0	0	3
500	129	0	0.326993858	-5.80233734e-12	-9.37152735e-12	-6.30820746e-11	3.46116553e-11	3.10401406e-11	0	0	0	0	0	3
505	131	0	0.330263797	5.16873654e-13	-9.27458224e-12	-6.30820746e-11	3.46116553e-11	3.10401406e-11	0	0	0	0	0	3
510	132	0	0.333533735	-1.11488326e-12	-9.19536186e-12	-6.30820746e-11	3.46116553e-11	3.10401406e-11	0	0	0	0	0	3
515	133	0	0.336803674	-4.31859352e-11	-9.5221943e-12	-6.30820746e-11	3.46116553e-11	3.10401406e-11	0	0	0	0	0	3
520	134	0	0.340073612	-6.09619729e-11	-1.0012097e-11	-6.30820746e-11	3.46116553e-11	3.10401406e-11	0	0	0	0	0	3
525	136	0	0.343343551	5.40823395e-13	-9.9125411e-12	-6.30820746e-11	3.46116553e-11	3.10401406e-11	0	0	0	0	0	3
530	137	0	0.34661349	-3.78899339e-11	-1.01740121e-11	-6.30820746e-11	3.46116553e-11	3.10401406e-11	0	0	0	0	0	3
535	138	0	0.349883428	6.0273527e-13	-1.00742274e-11	-6.30820746e-11	3.46116553e-11	3.10401406e-11	0	0	0	0	0	3
540	139	0	0.353153367	-2.36054857e-11	-1.01983673e-11	-6.30820746e-11	3.46116553e-11	3.10401406e-11	0	0	0	0	0	3
545	141	0	0.356423305	5.21425219e-12	-1.00582526e-11	-6.30820746e-11	3.46116553e-11	3.10401406e-11	0	0	0	0	0	3
550	142	0	0.359693244	-7.21970212e-13	-9.97414197e-12	-6.30820746e-11	3.46116553e-11	3.10401406e-11	0	0	0	0	0	3
555	143	0	0.362963183	8.72750332e-13	-9.87729472e-12	-6.30820746e-11	3.46116553e-11	3.10401406e-11	0	0	0	0	0	3
560	145	0	0.366233121	-4.84013333e-11	-1.02182154e-11	-6.30820746e-11	3.46116553e-11	3.10401406e-11	0	0	0	0	0	3
565	146	0	0.36950306	-3.41627313e-11	-1.0428255e-11	-6.30820746e-11	3.46116553e-11	3.10401406e-11	0	0	0	0	0	3
570	147	0	0.372772998	-5.74643554e-12	-1.03875436e-11	-6.30820746e-11	3.46116553e-11	3.10401406e-11	0	0	0	0	0	3
575	148	0	0.376042937	7.36841158e-13	-1.02916437e-11	-6.30820746e-11	3.46116553e-11	3.10401406e-11	0	0	0	0	0	3
580	150	0	0.379312875	-1.77779137e-13	-1.02052004e-11	-6.30820746e-11	3.46116553e-11	3.10401406e-11	0	0	0	0	0	3
585	151	0	0.382582814	-6.0134404e-11	-1.06283292e-11	-6.30820746e-11	3.46116553e-11	3.10401406e-11	0	0	0	0	0	3
590	152	0	0.385852753	1.50632505e-12	-1.05263574e-11	-6.30820746e-11	3.46116553e-11	3.10401406e-11	0	0	0	0	0	3
595	154	0	0.389122691	-5.08275963e-11	-1.0862201e-11	-6.30820746e-11	3.46116553e-11	3.10401406e-11	0	0	0	0	0	3
600	155	0	0.39239263	-4.44548919e-11	-1.11398266e-11	-6.30820746e-11	3.46116553e-11	3.10401406e-11	0	0	0	0	0	3
605	156	0	0.395662568	-6.06978239e-13	-1.10534917e-11	-6.30820746e-11	3.46116553e-11	3.10401406e-11	0	0	0	0	0	3
610	158	0	0.398932507	-6.49776402e-13	-1.09689087e-11	-6.30820746e-11	3.46116553e-11	3.10401406e-11	0	0	0	0	0	3
615	159	0	0.402202446	-1.09126713e-11	-1.09684552e-11	-6.30820746e-11	3.46116553e-11	3.10401406e-11	0	0	0	0	0	3
620	160	0	0.405472384	-7.26518019e-11	-1.14619219e-11	-7.26518019e-11	3.46116553e-11	3.10401406e-11	0	0	0	0	0	3
625	162	0	0.408742323	-3.16476141e-11	-1.16221258e-11	-7.26518019e-11	3.46116553e-11	3.10401406e-11	0	0	0	0	0	3
630	163	0	0.412012261	-6.0930702e-11	-1.20103823e-11	-7.26518019e-11	3.46116553e-11	3.10401406e-11	0	0	0	0	0	3
635	164	0	0.4152822	-2.55542547e-11	-1.21161938e-11	-7.26518019e-11	3.46116553e-11	3.10401406e-11	0	0	0	0	0	3
640	165	0	0.418552138	-4.90799686e-11	-1.24027347e-11	-7.26518019e-11	3.46116553e-11	3.10401406e-11	0	0	0	0	0	3
645	167	0	0.421822077	-9.21753559e-12	-1.23782332e-11	-7.26518019e-11	3.46116553e-11	3.10401406e-11	0	0	0	0	0	3
650	168	0	0.425092016	-9.82128026e-11	-1.30334589e-11	-9.82128026e-11	3.46116553e-11	3.10401406e-11	0	0	0	0	0	3
655	169	0	0.428361954	1.00545689e-12	-1.29271035e-11	-9.82128026e-11	3.46116553e-11	3.10401406e-11	0	0	0	0	0	3
660	170	0	0.431631893	-5.27737691e-11	-1.32267025e-11	-9.82128026e-11	3.46116553e-11	3.10401406e-11	0	0	0	0	0	3
665	172	0	0.434901831	1.18168621e-11	-1.30398102e-11	-9.82128026e-11	3.46116553e-11	3.10401406e-11	0	0	0	0	0	3
670	173	0	0.43817177	-5.81989107e-11	-1.33743221e-11	-9.82128026e-11	3.46116553e-11	3.10401406e-11	0	0	0	0	0	3
675	174	0	0.441441709	1.72062576e-12	-1.32633298e-11	-9.82128026e-11	3.46116553e-11	3.10401406e-11	0	0	0	0	0	3
680	176	0	0.444711647	-4.86644477e-11	-1.35217321e-11	-9.82128026e-11	3.46116553e-11	3.10401406e-11	0	0	0	0	0	3
685	177	0	0.447981586	-2.39841816e-11	-1.3597547e-11	-9.82128026e-11	3.46116553e-11	3.10401406e-11	0	0	0	0	0	3
690	178	0	0.451251524	-5.1794659e-11	-1.38723463e-11	-9.82128026e-11	3.46116553e-11	3.10401406e-11	0	0	0	0	0	3
695	179	0	0.454521463	1.02017693e-12	-1.37659712e-11	-9.82128026e-11	3.46116553e-11	3.10401406e-11	0	0	0	0	0	3
700	181	0	0.457791401	-5.35671075e-13	-1.36721393e-11	-9.82128026e-11	3.46116553e-11	3.10401406e-11	0	0	0	0	0	3
705	182	0	0.46106134	-1.92846664e-11	-1.37116641e-11	-9.82128026e-11	3.46116553e-11	3.10401406e-11	0	0	0	0	0	3
710	184	0	0.464331279	-4.44086323e-11	-1.39263282e-11	-9.82128026e-11	3.46116553e-11	3.10401406e-11	0	0	0	0	0	3
715	185	0	0.467601217	-2.36421788e-11	-1.39937994e-11	-9.82128026e-11	3.46116553e-11	3.10401406e-11	0	0	0	0	0	3
720	186	0	0.470871156	-1.13091813e-11	-1.39752848e-11	-9.82128026e-11	3.46116553e-11	3.10401406e-11	0	0	0	0	0	3
725	187	0	0.474141094	4.45212851e-13	-1.38765143e-11	-9.82128026e-11	3.46116553e-11	3.10401406e-11	0	0	0	0	0	3
730	189	0	0.477411033	-1.48965339e-13	-1.37831296e-11	-9.82128026e-11	3.46116553e-11	3.10401406e-11	0	0	0	0	0	3
735	190	0	0.480680971	1.60068512e-12	-1.36791849e-11	-9.82128026e-11	3.46116553e-11	3.10401406e-11	0	0	0	0	0	3
740	192	0	0.48395091	-8.03229675e-11	-1.41264586e-11	-9.82128026e-11	3.46116553e-11	3.10401406e-11	0	0	0	0	0	3
745	193	0	0.487220849	-2.9174629e-11	-1.42267797e-11	-9.82128026e-11	3.46116553e-11	3.10401406e-11	0	0	0	0	0	3
750	194	0	0.490490787	-1.614294e-12	-1.41432533e-11	-9.82128026e-11	3.46116553e-11	3.10401406e-11	0	0	0	0	0	3
755	195	0	0.493760726	-4.91233681e-11	-1.43733857e-11	-9.82128026e-11	3.46116553e-11	3.10401406e-11	0	0	0	0	0	3
760	197	0	0.497030664	1.91038511e-13	-1.42781934e-11	-9.82128026e-11	3.46116553e-11	3.10401406e-11	0	0	0	0	0	3
765	198	0	0.500300603	-5.09908258e-11	-1.45165871e-11	-9.82128026e-11	3.46116553e-11	3.10401406e-11	0	0	0	0	0	3
770	200	0	0.503570542	-5.52151781e-11	-1.47554241e-11	-9.82128026e-11	3.46116553e-11	1.26900445e-11	0	0	0	0	0	3
775	201	0	0.50684048	3.05814559e-12	-1.47354442e-11	-9.82128026e-11	3.46116553e-11	1.26900445e-11	0	0	0	0	0	3
780	203	0	0.510110419	-2.59811526e-13	-1.47372755e-11	-9.82128026e-11	3.46116553e-11	1.26900445e-11	0	0	0	0	0	3
785	204	0	0.513380357	-1.63167979e-11	-1.4840298e-11	-9.82128026e-11	3.46116553e-11	1.27749184e-11	0	0	0	0	0	3
790	206	0	0.516650296	-4.25274479e-11	-1.5116613e-11	-9.82128026e-11	3.46116553e-11	1.30512334e-11	0	0	0	0	0	3
795	207	0	0.519920234	5.44037133e-13	-1.51125479e-11	-9.82128026e-11	3.46116553e-11	1.30512334e-11	0	0	0	0	0	3
800	209	0	0.523190173	-6.37036022e-11	-1.53624806e-11	-9.82128026e-11	3.46116553e-11	1.3297101e-11	0	0	0	0	0	3
805	211	0	0.526460112	-6.03865884e-12	-1.52977828e-11	-9.82128026e-11	3.46116553e-11	1.3297101e-11	0	0	0	0	0	3
810	212	0	0.52973005	-4.14421781e-11	-1.55702374e-11	-9.82128026e-11	3.46116553e-11	1.35048578e-11	0	0	0	0	0	3
815	214	0	0.532999989	-5.94244036e-11	-1.59364434e-11	-9.82128026e-11	3.46116553e-11	1.38710639e-11	0	0	0	0	0	3
820	215	0	0.536269927	-8.33015998e-11	-1.65040825e-11	-9.82128026e-11	3.46116553e-11	1.4438703e-11	0	0	0	0	0	3
825	217	0	0.539539866	-2.09993828e-12	-1.64954645e-11	-9.82128026e-11	3.46116553e-11	1.4438703e-11	0	0	0	0	0	3
830	218	0	0.542809805	-7.13114611e-12	-1.65670659e-11	-9.82128026e-11	3.46116553e-11	1.45016863e-11	0	0	0	0	0	3
835	220	0	0.546079743	1.60988559e-12	-1.65334641e-11	-9.82128026e-11	3.46116553e-11	1.45016863e-11	0	0	0	0	0	3
840	221	0	0.549349682	-2.56999323e-13	-1.6432486e-11	-9.82128026e-11	3.46116553e-11	1.45016863e-11	0	0	0	0	0	3
845	223	0	0.55261962	1.62837314e-13	-1.65638282e-11	-9.82128026e-11	3.46116553e-11	1.45016863e-11	0	0	0	0	0	3
850	224	0	0.555889559	-4.07134862e-11	-1.6988709e-11	-9.82128026e-11	3.46116553e-11	1.49233295e-11	0	0	0	0	0	3
855	226	0	0.559159497	-5.95103633e-11	-1.73538772e-11	-9.82128026e-11	3.46116553e-11	1.52884977e-11	0	0	0	0	0	3
860	227	0	0.562429436	-7.22362916e-11	-1.78370205e-11	-9.82128026e-11	3.46116553e-11	1.57716409e-11	0	0	0	0	0	3
865	228	0	0.565699375	1.18090513e-11	-1.77053476e-11	-9.82128026e-11	3.46116553e-11	1.57716409e-11	0	0	0	0	0	3
870	230	0	0.568969313	-4.45823602e-11	-1.80090108e-11	-9.82128026e-11	3.46116553e-11	1.59436313e-11	0	0	0	0	0	3
875	231	0	0.572239252	2.44836481e-12	-1.79917932e-11	-9.82128026e-11	3.46116553e-11	1.59436313e-11	0	0	0	0	0	3
880	232	0	0.57550919	-5.13070601e-11	-1.83534621e-11	-9.82128026e-11	3.46116553e-11	1.62880825e-11	0	0	0	0	0	3
885	233	0	0.578779129	9.31258787e-13	-1.83220745e-11	-9.82128026e-11	3.46116553e-11	1.62880825e-11	0	0	0	0	0	3
890	235	0	0.582049068	-4.27670664e-11	-1.86282703e-11	-9.82128026e-11	3.46116553e-11	1.56757761e-11	0	0	0	0	0	3
895	236	0	0.585319006	1.08800466e-12	-1.84051161e-11	-9.82128026e-11	3.46116553e-11	1.56757761e-11	0	0	0	0	0	3
900	237	0	0.588588945	-6.50942929e-11	-1.88572658e-11	-9.82128026e-11	3.46116553e-11	1.58709677e-11	0	0	0	0	0	3
905	239	0	0.591858883	-1.39798012e-11	-1.89229324e-11	-9.82128026e-11	3.46116553e-11	1.57795774e-11	0	0	0	0	0	3
910	240	0	0.595128822	-2.16981848e-11	-1.88486345e-11	-9.82128026e-11	3.46116553e-11	1.57795774e-11	0	0	0	0	0	3
915	241	0	0.59839876	-4.54130554e-12	-1.885296e-11	-9.82128026e-11	3.46116553e-11	1.57795774e-11	0	0	0	0	0	3
920	242	0	0.601668699	4.94165107e-13	-1.88268337e-11	-9.82128026e-11	3.46116553e-11	1.57795774e-11	0	0	0	0	0	3
925	244	0	0.604938638	-1.68751532e-11	-1.89115344e-11	-9.82128026e-11	3.46116553e-11	1.57795774e-11	0	0	0	0	0	3
930	245	0	0.608208576	-3.60108671e-13	-1.89155258e-11	-9.82128026e-11	3.46116553e-11	1.57795774e-11	0	0	0	0	0	3
935	246	0	0.611478515	-4.09070455e-11	-1.91573419e-11	-9.82128026e-11	3.46116553e-11	1.60139869e-11	0	0	0	0	0	3
940	248	0	0.614748453	-4.25414748e-13	-1.9186738e-11	-9.82128026e-11	3.46116553e-11	1.6043383e-11	0	0	0	0	0	3
945	249	0	0.618018392	-7.24230146e-11	-1.96338875e-11	-9.82128026e-11	3.46116553e-11	1.64905325e-11	0	0	0	0	0	3
950	250	0	0.62128833	-3.37990357e-11	-1.96181245e-11	-9.82128026e-11	3.46116553e-11	1.64905325e-11	0	0	0	0	0	3
955	251	0	0.624558269	-4.70304545e-11	-1.98993209e-11	-9.82128026e-11	3.46116553e-11	1.67559659e-11	0	0	0	0	0	3
960	253	0	0.627828208	-1.57007734e-13	-1.9933924e-11	-9.82128026e-11	3.46116553e-11	1.6790569e-11	0	0	0	0	0	3
965	254	0	0.631098146	5.23905857e-13	-1.99290555e-11	-9.82128026e-11	3.46116553e-11	1.6790569e-11	0	0	0	0	0	3
970	255	0	0.634368085	-1.03631936e-11	-1.99986038e-11	-9.82128026e-11	3.46116553e-11	1.68552488e-11	0	0	0	0	0	3
975	257	0	0.637638023	-7.49647114e-11	-2.04616402e-11	-9.82128026e-11	3.46116553e-11	1.73182852e-11	0	0	0	0	0	3
980	258	0	0.640907962	-5.11780425e-11	-2.08236203e-11	-9.82128026e-11	3.46116553e-11	1.76802653e-11	0	0	0	0	0	3
985	259	0	0.644177901	2.65256952e-12	-2.08042276e-11	-9.82128026e-11	3.46116553e-11	1.76802653e-11	0	0	0	0	0	3
990	261	0	0.647447839	3.94533761e-12	-2.09247097e-11	-9.82128026e-11	3.46116553e-11	1.77813547e-11	0	0	0	0	0	3
995	262	0	0.650717778	-6.57988014e-11	-2.13528047e-11	-9.82128026e-11	3.46116553e-11	1.81679178e-11	0	0	0	0	0	3
1000	263	0	0.653987716	-3.48248422e-11	-2.14739129e-11	-9.82128026e-11	3.46116553e-11	1.8289026e-11	0	0	0	0	0	3
1005	265	0	0.657257655	2.85645313e-12	-2.13403222e-11	-9.82128026e-11	3.46116553e-11	1.8289026e-11	0	0	0	0	0	3
1010	266	0	0.660527593	-1.94211373e-13	-2.13436108e-11	-9.82128026e-11	3.46116553e-11	1.8289026e-11	0	0	0	0	0	3
1015	267	0	0.663797532	-1.76502679e-11	-2.15590222e-11	-9.82128026e-11	3.46116553e-11	1.83741353e-11	0	0	0	0	0	3
1020	269	0	0.667067471	-5.91641402e-11	-2.19482333e-11	-9.82128026e-11	3.46116553e-11	1.85015555e-11	0	0	0	0	0	3
1025	270	0	0.670337409	3.58952743e-12	-2.17737741e-11	-9.82128026e-11	3.46116553e-11	1.85015555e-11	0	0	0	0	0	3
1030	271	0	0.673607348	-4.93577195e-11	-2.21133425e-11	-9.82128026e-11	3.46116553e-11	1.85874542e-11	0	0	0	0	0	3
1035	272	0	0.676877286	-4.279702e-11	-2.21160736e-11	-9.82128026e-11	3.46116553e-11	1.85901853e-11	0	0	0	0	0	3
1040	274	0	0.680147225	-1.53553442e-12	-2.21569784e-11	-9.82128026e-11	3.46116553e-11	1.86310901e-11	0	0	0	0	0	3
1045	275	0	0.683417164	-8.27378799e-11	-2.26955059e-11	-9.82128026e-11	3.46116553e-11	1.91696176e-11	0	0	0	0	0	3
1050	276	0	0.686687102	-1.32233077e-13	-2.26983249e-11	-9.82128026e-11	3.46116553e-11	1.91724366e-11	0	0	0	0	0	3
1055	278	0	0.689957041	6.01985238e-12	-2.27381186e-11	-9.82128026e-11	3.46116553e-11	1.92122303e-11	0	0	0	0	0	3
1060	279	0	0.693226979	2.37659983e-12	-2.27236269e-11	-9.82128026e-11	3.46116553e-11	1.90353755e-11	0	0	0	0	0	3
1065	281	0	0.696496918	-5.74505938e-11	-2.27299046e-11	-9.82128026e-11	3.46116553e-11	1.90353755e-11	0	0	0	0	0	3
1070	282	0	0.699766856	-3.99222715e-11	-2.30104746e-11	-9.82128026e-11	3.46116553e-11	1.93077315e-11	0	0	0	0	0	3
1075	284	0	0.703036795	-7.23949085e-11	-2.34545841e-11	-9.82128026e-11	3.46116553e-11	1.9751841e-11	0	0	0	0	0	3
1080	285	0	0.706306734	-3.71594794e-11	-2.36995329e-11	-9.82128026e-11	3.46116553e-11	1.99967898e-11	0	0	0	0	0	3
1085	287	0	0.709576672	4.78744381e-12	-2.3667979e-11	-9.82128026e-11	3.46116553e-11	1.99967898e-11	0	0	0	0	0	3
1090	288	0	0.712846611	-9.14108117e-13	-2.36818608e-11	-9.82128026e-11	3.46116553e-11	1.99967898e-11	0	0	0	0	0	3
1095	290	0	0.716116549	1.55032778e-12	-2.3353956e-11	-9.82128026e-11	3.46116553e-11	1.99967898e-11	0	0	0	0	0	3
1100	291	0	0.719386488	-5.03052537e-11	-2.37688095e-11	-9.82128026e-11	3.46116553e-11	2.00660664e-11	0	0	0	0	0	3
1105	293	0	0.722656427	-4.37805999e-11	-2.38922781e-11	-9.82128026e-11	3.46116553e-11	2.0189535e-11	0	0	0	0	0	3
1110	294	0	0.725926365	-5.5243806e-11	-2.42280401e-11	-9.82128026e-11	3.46116553e-11	2.05252971e-11	0	0	0	0	0	3
1115	296	0	0.729196304	-1.5246434e-11	-2.430848e-11	-9.82128026e-11	3.46116553e-11	2.06057369e-11	0	0	0	0	0	3
1120	298	0	0.732466242	-4.37680037e-11	-2.48207654e-11	-9.82128026e-11	3.02385573e-11	2.11180223e-11	0	0	0	0	0	3
1125	299	0	0.735736181	-6.46550369e-11	-2.5440985e-11	-9.82128026e-11	1.69329814e-11	2.1697622e-11	0	0	0	0	0	3
1130	300	0	0.739006119	-4.19514479e-13	-2.53998797e-11	-9.82128026e-11	1.69329814e-11	2.09623674e-11	0	0	0	0	0	3
1135	302	0	0.742276058	-1.65607524e-11	-2.51232346e-11	-9.82128026e-11	1.69329814e-11	2.07179432e-11	0	0	0	0	0	3
1140	304	0	0.745545997	-1.95420937e-11	-2.50073191e-11	-9.82128026e-11	1.69329814e-11	2.07179432e-11	0	0	0	0	0	3
1145	305	0	0.748815935	2.55388716e-12	-2.49878034e-11	-9.82128026e-11	1.69329814e-11	2.07179432e-11	0	0	0	0	0	3
1150	307	0	0.752085874	-3.67756131e-13	-2.49965634e-11	-9.82128026e-11	1.69329814e-11	2.07179432e-11	0	0	0	0	0	3
1155	308	0	0.755355812	5.29475557e-12	-2.4958772e-11	-9.82128026e-11	1.69329814e-11	2.04079717e-11	0	0	0	0	0	3
1160	310	0	0.758625751	1.26823045e-12	-2.47575368e-11	-9.82128026e-11	1.69329814e-11	2.00396034e-11	0	0	0	0	0	3
1165	311	0	0.76189569	3.09615127e-13	-2.44102505e-11	-9.82128026e-11	1.69329814e-11	2.00396034e-11	0	0	0	0	0	3
1170	313	0	0.765165628	-4.67438897e-11	-2.47207129e-11	-9.82128026e-11	1.69329814e-11	2.00396034e-11	0	0	0	0	0	3
1175	314	0	0.768435567	4.65165271e-12	-2.46883387e-11	-9.82128026e-11	1.69329814e-11	2.00396034e-11	0	0	0	0	0	3
1180	316	0	0.771705505	-4.39186963e-11	-2.49838526e-11	-9.82128026e-11	1.69329814e-11	1.96028604e-11	0	0	0	0	0	3
1185	317	0	0.774975444	-7.05593611e-11	-2.50947341e-11	-9.82128026e-11	1.69329814e-11	1.96028604e-11	0	0	0	0	0	3
1190	318	0	0.778245382	-6.93465642e-11	-2.55821746e-11	-9.82128026e-11	1.69329814e-11	1.91968853e-11	0	0	0	0	0	3
1195	320	0	0.781515321	7.99345793e-13	-2.52276595e-11	-9.82128026e-11	1.69329814e-11	1.85526036e-11	0	0	0	0	0	3
1200	321	0	0.78478526	-7.58278426e-11	-2.53109652e-11	-9.82128026e-11	1.69329814e-11	1.84172376e-11	0	0	0	0	0	3
1205	322	0	0.788055198	-2.68962501e-11	-2.51590485e-11	-9.82128026e-11	1.69329814e-11	1.84172376e-11	0	0	0	0	0	3
1210	324	0	0.791325137	-5.41169001e-11	-2.56234268e-11	-9.82128026e-11	1.18168621e-11	1.84584897e-11	0	0	0	0	0	3
1215	325	0	0.794595075	6.01219985e-12	-2.5582821e-11	-9.82128026e-11	1.18168621e-11	1.79900452e-11	0	0	0	0	0	3
1220	326	0	0.797865014	-5.34440529e-11	-2.56036198e-11	-9.82128026e-11	1.18168621e-11	1.78451832e-11	0	0	0	0	0	3
1225	327	0	0.801134952	-8.54796193e-11	-2.59504383e-11	-9.82128026e-11	1.18168621e-11	1.81721947e-11	0	0	0	0	0	3
1230	329	0	0.804404891	-3.92622755e-11	-2.6210294e-11	-9.82128026e-11	1.18168621e-11	1.84320504e-11	0	0	0	0	0	3
1235	330	0	0.80767483	-7.23416563e-12	-2.62265872e-11	-9.82128026e-11	1.18168621e-11	1.80819893e-11	0	0	0	0	0	3
1240	331	0	0.810944768	-6.22065518e-11	-2.63524584e-11	-9.82128026e-11	1.18168621e-11	1.77138022e-11	0	0	0	0	0	3
1245	333	0	0.814214707	-5.76450728e-11	-2.63627644e-11	-9.82128026e-11	1.18168621e-11	1.72761749e-11	0	0	0	0	0	3
1250	334	0	0.817484645	-7.26732282e-11	-2.64943795e-11	-9.82128026e-11	1.18168621e-11	1.72990177e-11	0	0	0	0	0	3
1255	335	0	0.820754584	-2.71673203e-11	-2.64343484e-11	-9.82128026e-11	1.18168621e-11	1.72990177e-11	0	0	0	0	0	3
1260	336	0	0.824024523	-1.62922964e-11	-2.64500885e-11	-9.82128026e-11	1.18168621e-11	1.72990177e-11	0	0	0	0	0	3
1265	338	0	0.827294461	1.10216934e-12	-2.6404961e-11	-9.82128026e-11	1.18168621e-11	1.72990177e-11	0	0	0	0	0	3
1270	339	0	0.8305644	-3.30012113e-13	-2.64104962e-11	-9.82128026e-11	1.18168621e-11	1.72990177e-11	0	0	0	0	0	3
1275	340	0	0.833834338	7.03795218e-13	-2.63986094e-11	-9.82128026e-11	1.18168621e-11	1.69721852e-11	0	0	0	0	0	3
1280	342	0	0.837104277	-5.08847009e-11	-2.64489281e-11	-9.82128026e-11	1.18168621e-11	1.66170848e-11	0	0	0	0	0	3
1285	343	0	0.840374215	2.03519624e-12	-2.60371819e-11	-9.82128026e-11	1.18168621e-11	1.66170848e-11	0	0	0	0	0	3
1290	344	0	0.843644154	2.78935374e-12	-2.60224856e-11	-9.82128026e-11	1.18168621e-11	1.66170848e-11	0	0	0	0	0	3
1295	345	0	0.846914093	-5.94536694e-11	-2.61634251e-11	-9.82128026e-11	1.18168621e-11	1.66170848e-11	0	0	0	0	0	3
1300	347	0	0.850184031	-1.72024251e-11	-2.62797987e-11	-9.82128026e-11	1.18168621e-11	1.66170848e-11	0	0	0	0	0	3
1305	348	0	0.85345397	8.69590886e-13	-2.61198309e-11	-9.82128026e-11	1.18168621e-11	1.66170848e-11	0	0	0	0	0	3
1310	350	0	0.856723908	-6.89388023e-11	-2.66044913e-11	-9.82128026e-11	1.18168621e-11	1.67271966e-11	0	0	0	0	0	3
1315	351	0	0.859993847	4.33794647e-12	-2.657142e-11	-9.82128026e-11	1.18168621e-11	1.67271966e-11	0	0	0	0	0	3
1320	352	0	0.863263786	4.72845735e-13	-2.65740337e-11	-9.82128026e-11	1.18168621e-11	1.63992909e-11	0	0	0	0	0	3
1325	353	0	0.866533724	-3.2717166e-12	-2.62790689e-11	-9.82128026e-11	1.18168621e-11	1.63992909e-11	0	0	0	0	0	3
1330	355	0	0.869803663	2.61929831e-12	-2.60386635e-11	-9.82128026e-11	1.18168621e-11	1.63992909e-11	0	0	0	0	0	3
1335	356	0	0.873073601	-3.81246712e-11	-2.6250286e-11	-9.82128026e-11	1.18168621e-11	1.63992909e-11	0	0	0	0	0	3
1340	358	0	0.87634354	-8.50309076e-11	-2.68108595e-11	-9.82128026e-11	1.18168621e-11	1.66056591e-11	0	0	0	0	0	3
1345	359	0	0.879613478	-6.9877495e-11	-2.72664132e-11	-9.82128026e-11	1.18168621e-11	1.67400558e-11	0	0	0	0	0	3
1350	361	0	0.882883417	-6.65629535e-12	-2.69168831e-11	-9.82128026e-11	1.18168621e-11	1.67400558e-11	0	0	0	0	0	3
1355	362	0	0.886153356	-4.62197764e-11	-2.72288184e-11	-9.82128026e-11	1.18168621e-11	1.64042122e-11	0	0	0	0	0	3
1360	364	0	0.889423294	-7.14654911e-13	-2.69012828e-11	-9.82128026e-11	1.18168621e-11	1.6297958e-11	0	0	0	0	0	3
1365	365	0	0.892693233	-2.78060154e-11	-2.67924666e-11	-9.82128026e-11	1.18168621e-11	1.6297958e-11	0	0	0	0	0	3
1370	367	0	0.895963171	-6.79610097e-12	-2.68329184e-11	-9.82128026e-11	1.18168621e-11	1.6297958e-11	0	0	0	0	0	3
1375	368	0	0.89923311	-9.9504624e-11	-2.74790285e-11	-9.9504624e-11	1.18168621e-11	1.65105734e-11	0	0	0	0	0	3
1380	370	0	0.902503049	-6.13103812e-11	-2.78084253e-11	-9.9504624e-11	1.18168621e-11	1.63465034e-11	0	0	0	0	0	3
1385	371	0	0.905772987	-6.31038728e-11	-2.77460205e-11	-9.9504624e-11	1.18168621e-11	1.61862995e-11	0	0	0	0	0	3
1390	373	0	0.909042926	-3.44271703e-11	-2.77641876e-11	-9.9504624e-11	1.18168621e-11	1.5798043e-11	0	0	0	0	0	3
1395	374	0	0.912312864	-5.61535368e-11	-2.77329643e-11	-9.9504624e-11	1.18168621e-11	1.56922315e-11	0	0	0	0	0	3
1400	376	0	0.915582803	-3.78092712e-13	-2.75684142e-11	-9.9504624e-11	1.18168621e-11	1.54301921e-11	0	0	0	0	0	3
1405	378	0	0.918852741	-7.54087909e-11	-2.7740498e-11	-9.9504624e-11	1.18168621e-11	1.54301921e-11	0	0	0	0	0	3
1410	379	0	0.92212268	2.46251411e-13	-2.76786432e-11	-9.9504624e-11	1.18168621e-11	1.48813218e-11	0	0	0	0	0	3
1415	381	0	0.925392619	-8.51918459e-11	-2.75935389e-11	-9.9504624e-11	1.18168621e-11	1.48813218e-11	0	0	0	0	0	3
1420	382	0	0.928662557	-4.37496864e-11	-2.78860562e-11	-9.9504624e-11	1.18168621e-11	1.4846246e-11	0	0	0	0	0	3
1425	384	0	0.931932496	6.12484769e-12	-2.75010979e-11	-9.9504624e-11	1.18168621e-11	1.4846246e-11	0	0	0	0	0	3
1430	385	0	0.935202434	-6.21582535e-11	-2.79845954e-11	-9.9504624e-11	1.18090513e-11	1.47212656e-11	0	0	0	0	0	3
1435	387	0	0.938472373	8.36776978e-13	-2.75987412e-11	-9.9504624e-11	1.18090513e-11	1.47212656e-11	0	0	0	0	0	3
1440	388	0	0.941742311	-6.99403746e-11	-2.80671138e-11	-9.9504624e-11	1.18090513e-11	1.45453816e-11	0	0	0	0	0	3
1445	390	0	0.94501225	-5.4893543e-11	-2.81078268e-11	-9.9504624e-11	1.18090513e-11	1.45102798e-11	0	0	0	0	0	3
1450	391	0	0.948282189	-5.44884205e-13	-2.79546288e-11	-9.9504624e-11	1.18090513e-11	1.44356875e-11	0	0	0	0	0	3
1455	393	0	0.951552127	6.09981979e-12	-2.75762335e-11	-9.9504624e-11	1.18090513e-11	1.44356875e-11	0	0	0	0	0	3
1460	394	0	0.954822066	-8.07698525e-13	-2.75881804e-11	-9.9504624e-11	1.18090513e-11	1.44356875e-11	0	0	0	0	0	3
1465	396	0	0.958092004	-6.35277477e-11	-2.79998933e-11	-9.9504624e-11	1.18090513e-11	1.44286419e-11	0	0	0	0	0	3
1470	397	0	0.961361943	-3.84530688e-11	-2.8125177e-11	-9.9504624e-11	1.18090513e-11	1.44459921e-11	0	0	0	0	0	3
1475	399	0	0.964631882	2.2791556e-13	-2.78334348e-11	-9.9504624e-11	1.18090513e-11	1.44459921e-11	0	0	0	0	0	3
1480	400	0	0.96790182	1.15895602e-13	-2.76781533e-11	-9.9504624e-11	1.18090513e-11	1.44459921e-11	0	0	0	0	0	3
1485	402	0	0.971171759	-8.58461441e-11	-2.8165323e-11	-9.9504624e-11	1.18090513e-11	1.44861381e-11	0	0	0	0	0	3
1490	403	0	0.974441697	1.30064576e-12	-2.81597319e-11	-9.9504624e-11	1.18090513e-11	1.44861381e-11	0	0	0	0	0	3
1495	404	0	0.977711636	-3.76242022e-11	-2.84046681e-11	-9.9504624e-11	1.18090513e-11	1.47254832e-11	0	0	0	0	0	3
1500	406	0	0.980981574	2.31115317e-12	-2.84000245e-11	-9.9504624e-11	1.18090513e-11	1.42782095e-11	0	0	0	0	0	3
1505	407	0	0.984251513	5.26863235e-13	-2.78715943e-11	-9.9504624e-11	1.18090513e-11	1.42614148e-11	0	0	0	0	0	3
1510	408	0	0.987521452	-6.54295406e-11	-2.81085545e-11	-9.9504624e-11	1.18090513e-11	1.42614148e-11	0	0	0	0	0	3
1515	410	0	0.99079139	-6.21501811e-11	-2.85042139e-11	-9.9504624e-11	1.18090513e-11	1.42260205e-11	0	0	0	0	0	3
1520	411	0	0.994061329	-4.78930412e-13	-2.81862764e-11	-9.9504624e-11	1.18090513e-11	1.42260205e-11	0	0	0	0	0	3
1525	412	0	0.997331267	-5.48194338e-11	-2.85458219e-11	-9.9504624e-11	1.18090513e-11	1.40292349e-11	0	0	0	0	0	3
1530	413	0	1.00060121	-8.26791103e-11	-2.87529349e-11	-9.9504624e-11	1.18090513e-11	1.40174907e-11	1.74278615e-05	0	100	0	0	3
1535	415	0	1.00387114	4.94138964e-13	-2.83888217e-11	-9.9504624e-11	1.18090513e-11	1.40174907e-11	1.75480084e-05	0	100	0	0	3
1540	416	0	1.00714108	2.92179157e-12	-2.83897129e-11	-9.9504624e-11	1.18090513e-11	1.40156595e-11	1.78807426e-05	0	100	0	0	3
1545	417	0	1.01041102	-8.33934365e-11	-2.893307e-11	-9.9504624e-11	1.18090513e-11	1.4092772e-11	1.742795e-05	0	100	0	0	3
1550	419	0	1.01368096	-6.90109287e-12	-2.88715294e-11	-9.9504624e-11	1.18090513e-11	1.38205221e-11	1.74243324e-05	0	100	0	0	3
1555	420	0	1.0169509	-6.86168234e-11	-2.90420482e-11	-9.9504624e-11	1.18090513e-11	1.39295003e-11	1.73010637e-05	0	100	0	0	3
1560	421	0	1.02022084	-3.13018005e-12	-2.90660627e-11	-9.9504624e-11	1.18090513e-11	1.37682799e-11	1.78829838e-05	0	100	0	0	3
1565	422	0	1.02349078	5.61187477e-13	-2.86460314e-11	-9.9504624e-11	1.18090513e-11	1.37682799e-11	1.82020458e-05	0	100	0	0	3
1570	424	0	1.02676071	-5.7164105e-11	-2.89801846e-11	-9.9504624e-11	1.18090513e-11	1.34958253e-11	1.73038026e-05	0	100	0	0	3
1575	425	0	1.03003065	8.50154095e-13	-2.87037642e-11	-9.9504624e-11	1.18090513e-11	1.31296193e-11	1.74328056e-05	0	100	0	0	3
1580	426	0	1.03330059	-4.92802752e-11	-2.86374627e-11	-9.9504624e-11	1.18090513e-11	1.26335767e-11	1.79651432e-05	0	100	0	0	3
1585	428	0	1.03657053	-7.41993534e-11	-2.85779709e-11	-9.9504624e-11	1.18090513e-11	1.26335767e-11	1.73063269e-05	0	100	0	0	3
1590	429	0	1.03984047	-4.0361838e-11	-2.88280486e-11	-9.9504624e-11	1.18090513e-11	1.26335767e-11	1.68199506e-05	0	100	0	0	3
1595	430	0	1.04311041	2.19281903e-12	-2.87671077e-11	-9.9504624e-11	1.18090513e-11	1.26335767e-11	1.91791494e-05	0	100	0	0	3
1600	431	0	1.04638035	2.42433773e-13	-2.87760453e-11	-9.9504624e-11	1.18090513e-11	1.26335767e-11	1.71043455e-05	0	100	0	0	3
1605	433	0	1.04965028	-6.28494159e-11	-2.9185146e-11	-9.9504624e-11	1.18090513e-11	1.26213178e-11	1.67689602e-05	0	100	0	0	3
1610	434	0	1.05292022	-1.1806074e-11	-2.92633742e-11	-9.9504624e-11	1.18090513e-11	1.22746652e-11	1.75211481e-05	0	100	0	0	3
1615	436	0	1.05619016	-5.90064605e-11	-2.93829361e-11	-9.9504624e-11	1.18090513e-11	1.20290589e-11	1.77220855e-05	0	100	0	0	3
1620	437	0	1.0594601	-7.80317642e-11	-2.95039911e-11	-9.9504624e-11	1.18090513e-11	1.17986435e-11	1.74232806e-05	0	100	0	0	3
1625	439	0	1.06273004	-8.88408341e-11	-2.96125175e-11	-9.9504624e-11	1.18090513e-11	1.19071699e-11	1.71297126e-05	0	100	0	0	3
