Iteration	CPUTime	PhysTime	Travels	Value	AvValue	MinValue	MaxValue	Delta	Criteria	PrevAvRefValue	Progress	CriteriaType	CriteriaVarType	CriteriaPercentage
1	0	0	0.0225184399	89442.7325	89442.7325	89442.7325	89442.7325	0	0	0	0	0	0	3
2	0	0	0.0450368799	89800.1333	89621.4329	89442.7325	89800.1333	178.70038	0	0	0	0	0	3
3	1	0	0.0675553198	90230.4251	89824.4303	89442.7325	90230.4251	381.697783	0	0	0	0	0	3
4	1	0	0.0900737598	90597.1988	90017.6224	89442.7325	90597.1988	574.889907	0	0	0	0	0	3
5	1	0	0.1125922	90365.082	90087.1143	89442.7325	90597.1988	644.381813	0	0	0	0	0	3
6	1	0	0.13511064	91005.5295	90240.1835	89442.7325	91005.5295	797.451007	0	0	0	0	0	3
7	1	0	0.15762908	91866.6718	90472.539	89442.7325	91866.6718	1029.80647	0	0	0	0	0	3
8	1	0	0.18014752	92786.6828	90761.807	89442.7325	92786.6828	1319.07444	0	0	0	0	0	3
9	2	0	0.202665959	93488.2642	91064.7467	89442.7325	93488.2642	1622.01413	0	0	0	0	0	3
10	2	0	0.225184399	94301.819	91388.4539	89442.7325	94301.819	1945.72136	0	0	0	0	0	3
11	2	0	0.247702839	95366.3834	91750.0839	89442.7325	95366.3834	2307.35132	0	0	0	0	0	3
12	2	0	0.270221279	96345.6628	92133.0488	89442.7325	96345.6628	2690.31623	0	0	0	0	0	3
13	2	0	0.292739719	96854.7543	92496.2569	89442.7325	96854.7543	3053.52435	0	0	0	0	0	3
14	2	0	0.315258159	97570.9894	92858.7378	89442.7325	97570.9894	3416.00524	0	0	0	0	0	3
15	2	0	0.337776599	97836.8312	93190.6107	89442.7325	97836.8312	3747.87814	0	0	0	0	0	3
16	3	0	0.360295039	98242.1496	93506.3319	89442.7325	98242.1496	4063.59932	0	0	0	0	0	3
17	3	0	0.382813479	98571.953	93804.3096	89442.7325	98571.953	4361.57704	0	0	0	0	0	3
18	3	0	0.405331919	98819.6068	94082.9372	89442.7325	98819.6068	4640.20466	0	0	0	0	0	3
19	3	0	0.427850359	99147.0594	94349.4699	89442.7325	99147.0594	4906.73741	0	0	0	0	0	3
20	3	0	0.450368799	99373.7541	94600.6842	89442.7325	99373.7541	5157.95162	0	0	0	0	0	3
21	3	0	0.472887239	99624.9304	94839.934	89442.7325	99624.9304	5397.20144	0	0	0	0	0	3
22	3	0	0.495405679	99846.6855	95067.5136	89442.7325	99846.6855	5624.78105	0	0	0	0	0	3
23	4	0	0.517924119	100078.299	95285.3738	89442.7325	100078.299	5842.64128	0	0	0	0	0	3
24	4	0	0.540442559	100294.6	95757.1941	89800.1333	100294.6	6135.76123	0	0	0	0	0	3
25	4	0	0.562960999	100456.611	96220.5193	90230.4251	100456.611	6396.08897	0	0	0	0	0	3
26	4	0	0.585479438	100626.749	96672.5334	90365.082	100626.749	6654.91094	0	0	0	0	0	3
27	4	0	0.607997878	100773.345	97114.9745	90365.082	100773.345	7027.86018	0	0	0	0	0	3
28	4	0	0.630516318	100914.227	97573.633	91005.5295	100914.227	7333.44948	0	0	0	0	0	3
29	4	0	0.653034758	101035.424	98009.7154	91866.6718	101035.424	7537.17641	0	0	0	0	0	3
30	5	0	0.675553198	101139.577	98412.8852	92786.6828	101139.577	7651.07822	0	0	0	0	0	3
31	5	0	0.698071638	101236.748	98780.2793	93488.2642	101236.748	7715.53266	0	0	0	0	0	3
32	5	0	0.720590078	101330.925	99121.2646	94301.819	101330.925	7029.10613	0	0	0	0	0	3
33	5	0	0.743108518	101420.024	99430.7517	95366.3834	101420.024	6053.6401	0	0	0	0	0	3
34	5	0	0.765626958	101497.95	99697.3416	96345.6628	101497.95	5152.28747	0	0	0	0	0	3
35	5	0	0.788145398	101564.306	99924.2391	96854.7543	101564.306	4709.55203	0	0	0	0	0	3
36	6	0	0.810663838	101624.365	100131.614	97570.9894	101624.365	4053.37534	0	0	0	0	0	3
37	6	0	0.833182278	101685.094	100310.488	97836.8312	101685.094	3848.2628	0	0	0	0	0	3
38	6	0	0.855700718	101737.249	100480.071	98242.1496	101737.249	3495.09901	0	0	0	0	0	3
39	6	0	0.878219158	101777.799	100633.795	98571.953	101777.799	3205.84629	0	0	0	0	0	3
40	6	0	0.900737598	101815.204	100774.806	98819.6068	101815.204	2995.59731	0	0	0	0	0	3
41	7	0	0.923256038	101849.21	100906.528	99147.0594	101849.21	2702.15065	0	0	0	0	0	3
42	7	0	0.945774478	101881.099	101025.399	99373.7541	101881.099	2507.34471	0	0	0	0	0	3
43	7	0	0.968292917	101908.585	101135.609	99624.9304	101908.585	2283.65461	0	0	0	0	0	3
44	7	0	0.990811357	101931.758	101235.906	99846.6855	101931.758	2085.0723	0	0	0	0	0	3
45	7	0	1.0133298	101948.906	101327.307	100078.299	101948.906	1870.60745	464.192476	0	24.8	0	0	3
46	7	0	1.03584824	101960.842	101409.156	100294.6	101960.842	1666.24219	464.665287	0	27.8	0	0	3
47	8	0	1.05836668	101970.848	101482.037	100456.611	101970.848	1514.23648	464.863457	0	30.6	0	0	3
48	8	0	1.08088512	101976.291	101548.11	100626.749	101976.291	1349.54188	464.192476	0	34.3	0	0	3
49	8	0	1.10340356	101977.141	101606.823	100773.345	101977.141	1203.79604	464.192476	0	38.5	0	0	3
50	8	0	1.125922	101977.731	101659.187	100914.227	101977.731	1063.50363	464.192476	0	43.6	0	0	3
51	8	0	1.14844044	101974.705	101705.295	101035.424	101977.731	942.306683	464.192476	0	49.2	0	0	3
52	8	0	1.17095888	101966.977	101745.797	101139.577	101977.731	838.154155	464.192476	0	55.3	0	0	3
53	8	0	1.19347732	101956.786	101781.328	101236.748	101977.731	740.983322	464.192476	0	62.6	0	0	3
54	9	0	1.21599576	101944.888	101812.117	101330.925	101977.731	646.805899	464.192476	0	71.7	0	0	3
55	9	0	1.2385142	101939.211	101838.564	101420.024	101977.731	557.707511	464.192476	0	83.2	0	0	3
56	9	0	1.26103264	101941.559	101861.239	101497.95	101977.731	479.780779	464.192476	0	96.7	0	0	3
57	9	0	1.28355108	101954.295	101881.08	101564.306	101977.731	413.424669	464.192476	0	100	0	0	3
58	9	0	1.30606952	101965.164	101898.509	101624.365	101977.731	353.366328	464.192476	0	100	0	0	3
59	9	0	1.32858796	101976.864	101913.835	101685.094	101977.731	292.637021	464.192476	0	100	0	0	3
60	9	0	1.3511064	101990.473	101927.112	101737.249	101990.473	253.224891	464.192476	0	100	0	0	3
61	10	0	1.37362484	102005.408	101938.772	101777.799	102005.408	227.609097	464.192476	0	100	0	0	3
62	10	0	1.39614328	102014.75	101949.074	101815.204	102014.75	199.545599	464.192476	0	100	0	0	3
63	10	0	1.41866172	102022.05	101958.067	101849.21	102022.05	172.839927	464.192476	0	100	0	0	3
64	10	0	1.44118016	102028.938	101965.881	101881.099	102028.938	147.839242	464.192476	0	100	0	0	3
65	10	0	1.4636986	102036.659	101972.645	101908.585	102036.659	128.074325	464.192476	0	100	0	0	3
66	10	0	1.48621704	102040.574	101978.384	101931.758	102040.574	108.816412	464.192476	0	100	0	0	3
67	10	0	1.50873548	102044.728	101983.295	101939.211	102044.728	105.517425	464.192476	0	100	0	0	3
68	10	0	1.53125392	102046.261	101987.528	101939.211	102046.261	107.050051	464.192476	0	100	0	0	3
69	11	0	1.55377236	102049.329	101991.375	101939.211	102049.329	110.118271	464.192476	0	100	0	0	3
70	11	0	1.5762908	102050.747	101994.849	101939.211	102050.747	111.536337	464.192476	0	100	0	0	3
71	11	0	1.59880924	102053.77	101998.218	101939.211	102053.77	114.558859	464.192476	0	100	0	0	3
72	11	0	1.62132768	102054.697	102001.59	101939.211	102054.697	115.486678	464.192476	0	100	0	0	3
73	11	0	1.64384612	102059.143	102005.129	101939.211	102059.143	119.93257	464.192476	0	100	0	0	3
74	11	0	1.66636456	102055.58	102008.646	101939.211	102059.143	119.93257	464.192476	0	100	0	0	3
75	11	0	1.688883	102056.974	102012.559	101939.211	102059.143	119.93257	464.192476	0	100	0	0	3
76	11	0	1.71140144	102056.966	102016.914	101939.211	102059.143	119.93257	464.192476	0	100	0	0	3
77	12	0	1.73391988	102057.253	102021.8	101939.211	102059.143	119.93257	464.192476	0	100	0	0	3
78	12	0	1.75643832	102056.096	102026.882	101941.559	102059.143	117.583927	464.192476	0	100	0	0	3
79	12	0	1.77895676	102059.258	102031.999	101954.295	102059.258	104.962415	464.192476	0	100	0	0	3
80	12	0	1.8014752	102058.513	102036.53	101965.164	102059.258	94.0939451	464.192476	0	100	0	0	3
81	12	0	1.82399364	102059.942	102040.651	101976.864	102059.942	83.0781772	464.192476	0	100	0	0	3
82	12	0	1.84651208	102059.459	102044.242	101990.473	102059.942	69.4686586	464.192476	0	100	0	0	3
83	12	0	1.86903052	102061.46	102047.328	102005.408	102061.46	56.0511674	464.192476	0	100	0	0	3
84	12	0	1.89154896	102060.821	102049.738	102014.75	102061.46	46.7098186	464.192476	0	100	0	0	3
85	13	0	1.91406739	102062.488	102051.813	102022.05	102062.488	40.4379629	464.192476	0	100	0	0	3
86	13	0	1.93658583	102061.629	102053.534	102028.938	102062.488	33.5499163	464.192476	0	100	0	0	3
87	13	0	1.95910427	102062.611	102054.998	102036.659	102062.611	25.9514336	464.192476	0	100	0	0	3
88	13	0	1.98162271	102062.013	102056.1	102040.574	102062.611	22.0366385	464.192476	0	100	0	0	3
89	13	0	2.00414115	102062.755	102057.065	102044.728	102062.755	18.0266614	464.192476	0	100	0	0	3
90	13	0	2.02665959	102061.501	102057.794	102046.261	102062.755	16.494035	464.192476	0	100	0	0	3
91	13	0	2.04917803	102063.637	102058.55	102049.329	102063.637	14.3076938	464.192476	0	100	0	0	3
92	14	0	2.07169647	102064.021	102059.188	102050.747	102064.021	13.2741712	464.192476	0	100	0	0	3
93	14	0	2.09421491	102063.894	102059.76	102053.77	102064.021	10.2516489	464.192476	0	100	0	0	3
94	14	0	2.11673335	102062.949	102060.159	102054.697	102064.021	9.32383003	464.192476	0	100	0	0	3
95	14	0	2.13925179	102065.327	102060.621	102055.58	102065.327	9.74688404	464.192476	0	100	0	0	3
96	14	0	2.16177023	102064.264	102060.844	102055.58	102065.327	9.74688404	464.192476	0	100	0	0	3
97	14	0	2.18428867	102065.013	102061.254	102056.096	102065.327	9.23069792	464.192476	0	100	0	0	3
98	14	0	2.20680711	102064.836	102061.596	102056.096	102065.327	9.23069792	464.192476	0	100	0	0	3
99	14	0	2.22932555	102065.516	102061.968	102056.096	102065.516	9.4198934	464.192476	0	100	0	0	3
100	15	0	2.25184399	102063.809	102062.253	102056.096	102065.516	9.4198934	464.192476	0	100	0	0	3
101	15	0	2.27436243	102064.13	102062.602	102058.513	102065.516	7.00295869	464.192476	0	100	0	0	3
102	15	0	2.29688087	102062.366	102062.737	102058.513	102065.516	7.00295869	464.192476	0	100	0	0	3
103	15	0	2.31939931	102063.077	102062.935	102059.459	102065.516	6.05643189	464.192476	0	100	0	0	3
104	15	0	2.34191775	102060.288	102062.951	102059.459	102065.516	6.05643189	464.192476	0	100	0	0	3
105	16	0	2.36443619	102062.786	102063.095	102060.288	102065.516	5.22789431	464.192476	0	100	0	0	3
106	16	0	2.38695463	102061.006	102063.075	102060.288	102065.516	5.22789431	464.192476	0	100	0	0	3
107	16	0	2.40947307	102063.319	102063.184	102060.288	102065.516	5.22789431	464.192476	0	100	0	0	3
108	16	0	2.43199151	102061.061	102063.122	102060.288	102065.516	5.22789431	464.192476	0	100	0	0	3
109	16	0	2.45450995	102063.381	102063.198	102060.288	102065.516	5.22789431	464.192476	0	100	0	0	3
110	16	0	2.47702839	102062.794	102063.206	102060.288	102065.516	5.22789431	464.192476	0	100	0	0	3
111	16	0	2.49954683	102064.453	102063.312	102060.288	102065.516	5.22789431	464.192476	0	100	0	0	3
112	17	0	2.52206527	102063.819	102063.359	102060.288	102065.516	5.22789431	464.192476	0	100	0	0	3
113	17	0	2.54458371	102065.905	102063.55	102060.288	102065.905	5.00041167	464.192476	0	100	0	0	3
114	17	0	2.56710215	102064.822	102063.602	102060.288	102065.905	4.41315228	464.192476	0	100	0	0	3
115	17	0	2.58962059	102066.617	102063.714	102060.288	102066.617	3.9543833	464.192476	0	100	0	0	3
116	17	0	2.61213903	102064.313	102063.733	102060.288	102066.617	3.57349349	464.192476	0	100	0	0	3
117	17	0	2.63465747	102065.163	102063.829	102060.288	102066.617	3.20758874	464.192476	0	100	0	0	3
118	17	0	2.65717591	102063.864	102063.765	102060.288	102066.617	2.98496733	464.192476	0	100	0	0	3
119	18	0	2.67969435	102065.008	102063.798	102060.288	102066.617	2.57482054	464.192476	0	100	0	0	3
120	18	0	2.70221279	102061.866	102063.661	102060.288	102066.617	2.23297422	464.192476	0	100	0	0	3
121	18	0	2.72473123	102064.262	102063.636	102060.288	102066.617	1.86125256	464.192476	0	100	0	0	3
122	18	0	2.74724967	102062.712	102063.514	102060.288	102066.617	1.57620815	464.192476	0	100	0	0	3
123	18	0	2.76976811	102064.761	102063.555	102060.288	102066.617	1.22691334	464.192476	0	100	0	0	3
124	18	0	2.79228655	102062.674	102063.492	102060.288	102066.617	1.09178577	464.192476	0	100	0	0	3
125	18	0	2.81480499	102063.949	102063.561	102060.288	102066.617	0.893338949	464.192476	0	100	0	0	3
126	18	0	2.83732343	102060.526	102063.45	102060.288	102066.617	0.878304386	464.192476	0	100	0	0	3
127	19	0	2.85984187	102061.897	102063.52	102060.526	102066.617	0.75339222	464.192476	0	100	0	0	3
128	19	0	2.88236031	102060.894	102063.438	102060.526	102066.617	0.75339222	464.192476	0	100	0	0	3
129	19	0	2.90487875	102063.167	102063.532	102060.526	102066.617	0.706829774	464.192476	0	100	0	0	3
130	19	0	2.92739719	102060.3	102063.4	102060.3	102066.617	0.706829774	464.192476	0	100	0	0	3
131	19	0	2.94991563	102062.762	102063.474	102060.3	102066.617	0.630643445	464.192476	0	100	0	0	3
132	19	0	2.97243407	102059.724	102063.315	102059.724	102066.617	0.622675289	464.192476	0	100	0	0	3
133	19	0	2.99495251	102061.176	102063.245	102059.724	102066.617	0.583886787	464.192476	0	100	0	0	3
134	20	0	3.01747095	102058.699	102062.995	102058.699	102066.617	0.834068936	464.192476	0	100	0	0	3
135	20	0	3.03998939	102060.561	102062.853	102058.699	102066.617	0.975694686	464.192476	0	100	0	0	3
136	20	0	3.06250783	102058.955	102062.551	102058.699	102066.617	1.27784688	464.192476	0	100	0	0	3
137	20	0	3.08502627	102060.984	102062.384	102058.699	102066.617	1.44469699	464.192476	0	100	0	0	3
138	20	0	3.10754471	102057.863	102062.004	102057.863	102065.163	1.8253045	464.192476	0	100	0	0	3
139	20	0	3.13006315	102060.531	102061.839	102057.863	102065.163	1.98974693	464.192476	0	100	0	0	3
140	20	0	3.15258159	102056.889	102061.479	102056.889	102065.008	2.31826205	464.192476	0	100	0	0	3
141	21	0	3.17510003	102059.955	102061.309	102056.889	102065.008	2.48821398	464.192476	0	100	0	0	3
142	21	0	3.19761847	102055.766	102060.908	102055.766	102064.761	2.75323496	464.192476	0	100	0	0	3
143	21	0	3.22013691	102058.987	102060.782	102055.766	102064.761	2.85344794	464.192476	0	100	0	0	3
144	21	0	3.24265535	102055.722	102060.411	102055.722	102064.761	3.14977703	464.192476	0	100	0	0	3
145	21	0	3.26517379	102057.846	102060.2	102055.722	102064.761	3.36131338	464.192476	0	100	0	0	3
146	21	0	3.28769223	102055.397	102059.792	102055.397	102063.949	3.76846332	464.192476	0	100	0	0	3
147	21	0	3.31021067	102058.085	102059.593	102055.397	102063.949	3.96798692	464.192476	0	100	0	0	3
148	21	0	3.33272911	102054.998	102059.204	102054.998	102063.167	4.32791825	464.192476	0	100	0	0	3
149	22	0	3.35524755	102057.686	102059.08	102054.998	102063.167	4.45140053	464.192476	0	100	0	0	3
150	22	0	3.37776599	102054.9	102058.776	102054.9	102063.167	4.75562763	464.192476	0	100	0	0	3
151	22	0	3.40028443	102056.989	102058.606	102054.9	102063.167	4.92539305	464.192476	0	100	0	0	3
152	22	0	3.42280287	102055.977	102058.294	102054.9	102062.762	5.18070696	464.192476	0	100	0	0	3
153	22	0	3.44532131	102057.654	102058.179	102054.9	102062.762	5.29574643	464.192476	0	100	0	0	3
154	22	0	3.46783975	102054.758	102057.831	102054.758	102061.176	5.48473294	464.192476	0	100	0	0	3
155	22	0	3.49035819	102056.826	102057.705	102054.758	102061.176	5.54040126	464.192476	0	100	0	0	3
156	23	0	3.51287663	102054.799	102057.427	102054.758	102060.984	5.56751541	464.192476	0	100	0	0	3
157	23	0	3.53539507	102055.999	102057.31	102054.758	102060.984	5.5432634	464.192476	0	100	0	0	3
158	23	0	3.55791351	102053.994	102057.024	102053.994	102060.984	5.5266257	464.192476	0	100	0	0	3
159	23	0	3.58043195	102056.981	102056.939	102053.994	102060.984	5.44559853	464.192476	0	100	0	0	3
160	23	0	3.60295039	102053.98	102056.634	102053.98	102060.531	5.3695269	464.192476	0	100	0	0	3
161	23	0	3.62546883	102056.802	102056.588	102053.98	102060.531	5.25121668	464.192476	0	100	0	0	3
162	23	0	3.64798727	102052.964	102056.259	102052.964	102059.955	5.22048139	464.192476	0	100	0	0	3
163	24	0	3.67050571	102054.843	102056.17	102052.964	102059.955	5.13946282	464.192476	0	100	0	0	3
164	24	0	3.69302415	102053.608	102055.894	102052.964	102058.987	5.01354802	464.192476	0	100	0	0	3
165	24	0	3.71554259	102056.477	102055.925	102052.964	102058.987	4.8883481	464.192476	0	100	0	0	3
166	24	0	3.73806103	102054.499	102055.73	102052.964	102058.085	4.6812452	464.192476	0	100	0	0	3
167	24	0	3.76057947	102057.043	102055.787	102052.964	102058.085	4.46970885	464.192476	0	100	0	0	3
168	24	0	3.78309791	102052.955	102055.575	102052.955	102058.085	4.21776847	464.192476	0	100	0	0	3
169	24	0	3.80561635	102054.911	102055.553	102052.955	102058.085	4.03935597	464.192476	0	100	0	0	3
170	25	0	3.82813479	102053.156	102055.339	102052.955	102057.686	3.86445934	464.192476	0	100	0	0	3
171	25	0	3.85065323	102055.719	102055.371	102052.955	102057.686	3.74097706	464.192476	0	100	0	0	3
172	25	0	3.87317167	102054.455	102055.23	102052.955	102057.654	3.54586197	464.192476	0	100	0	0	3
173	25	0	3.89569011	102057.413	102055.339	102052.955	102057.654	3.37609655	464.192476	0	100	0	0	3
174	25	0	3.91820855	102053.639	102055.194	102052.955	102057.654	3.09989105	464.192476	0	100	0	0	3
175	25	0	3.94072699	102055.794	102055.186	102052.955	102057.654	2.99279852	464.192476	0	100	0	0	3
176	25	0	3.96324543	102053.375	102055	102052.955	102057.413	2.83087457	464.192476	0	100	0	0	3
177	26	0	3.98576387	102056.684	102055.083	102052.955	102057.413	2.70487067	464.192476	0	100	0	0	3
178	26	0	4.00828231	102054.123	102054.966	102052.955	102057.413	2.46135447	464.192476	0	100	0	0	3
