Iteration	CPUTime	PhysTime	Travels	Value	AvValue	MinValue	MaxValue	Delta	Criteria	PrevAvRefValue	Progress	CriteriaType	CriteriaVarType	CriteriaPercentage
1	0	0	0.0225184399	0	0	0	0	0	0	0	0	0	0	3
2	0	0	0.0450368799	0	0	0	0	0	0	0	0	0	0	3
3	1	0	0.0675553198	0	0	0	0	0	0	0	0	0	0	3
4	1	0	0.0900737598	0	0	0	0	0	0	0	0	0	0	3
5	1	0	0.1125922	0	0	0	0	0	0	0	0	0	0	3
6	1	0	0.13511064	0	0	0	0	0	0	0	0	0	0	3
7	1	0	0.15762908	0	0	0	0	0	0	0	0	0	0	3
8	1	0	0.18014752	0	0	0	0	0	0	0	0	0	0	3
9	2	0	0.202665959	0	0	0	0	0	0	0	0	0	0	3
10	2	0	0.225184399	0	0	0	0	0	0	0	0	0	0	3
11	2	0	0.247702839	0	0	0	0	0	0	0	0	0	0	3
12	2	0	0.270221279	0	0	0	0	0	0	0	0	0	0	3
13	2	0	0.292739719	0	0	0	0	0	0	0	0	0	0	3
14	2	0	0.315258159	0	0	0	0	0	0	0	0	0	0	3
15	2	0	0.337776599	0	0	0	0	0	0	0	0	0	0	3
16	3	0	0.360295039	0	0	0	0	0	0	0	0	0	0	3
17	3	0	0.382813479	0	0	0	0	0	0	0	0	0	0	3
18	3	0	0.405331919	0	0	0	0	0	0	0	0	0	0	3
19	3	0	0.427850359	0	0	0	0	0	0	0	0	0	0	3
20	3	0	0.450368799	0	0	0	0	0	0	0	0	0	0	3
21	3	0	0.472887239	0	0	0	0	0	0	0	0	0	0	3
22	3	0	0.495405679	0	0	0	0	0	0	0	0	0	0	3
23	4	0	0.517924119	0	0	0	0	0	0	0	0	0	0	3
24	4	0	0.540442559	0	0	0	0	0	0	0	0	0	0	3
25	4	0	0.562960999	0	0	0	0	0	0	0	0	0	0	3
26	4	0	0.585479438	0	0	0	0	0	0	0	0	0	0	3
27	4	0	0.607997878	0	0	0	0	0	0	0	0	0	0	3
28	4	0	0.630516318	0	0	0	0	0	0	0	0	0	0	3
29	4	0	0.653034758	0	0	0	0	0	0	0	0	0	0	3
30	5	0	0.675553198	0	0	0	0	0	0	0	0	0	0	3
31	5	0	0.698071638	0	0	0	0	0	0	0	0	0	0	3
32	5	0	0.720590078	0	0	0	0	0	0	0	0	0	0	3
33	5	0	0.743108518	0	0	0	0	0	0	0	0	0	0	3
34	5	0	0.765626958	0	0	0	0	0	0	0	0	0	0	3
35	5	0	0.788145398	0	0	0	0	0	0	0	0	0	0	3
36	6	0	0.810663838	0	0	0	0	0	0	0	0	0	0	3
37	6	0	0.833182278	0	0	0	0	0	0	0	0	0	0	3
38	6	0	0.855700718	0	0	0	0	0	0	0	0	0	0	3
39	6	0	0.878219158	0	0	0	0	0	0	0	0	0	0	3
40	6	0	0.900737598	0	0	0	0	0	0	0	0	0	0	3
41	7	0	0.923256038	0	0	0	0	0	0	0	0	0	0	3
42	7	0	0.945774478	0	0	0	0	0	0	0	0	0	0	3
43	7	0	0.968292917	0	0	0	0	0	0	0	0	0	0	3
44	7	0	0.990811357	0	0	0	0	0	0	0	0	0	0	3
45	7	0	1.0133298	0	0	0	0	0	5e-06	0	100	0	0	3
46	7	0	1.03584824	0	0	0	0	0	5e-06	0	100	0	0	3
47	8	0	1.05836668	0	0	0	0	0	5e-06	0	100	0	0	3
48	8	0	1.08088512	0	0	0	0	0	5e-06	0	100	0	0	3
49	8	0	1.10340356	0	0	0	0	0	5e-06	0	100	0	0	3
50	8	0	1.125922	0	0	0	0	0	5e-06	0	100	0	0	3
51	8	0	1.14844044	0	0	0	0	0	5e-06	0	100	0	0	3
52	8	0	1.17095888	0	0	0	0	0	5e-06	0	100	0	0	3
53	8	0	1.19347732	0	0	0	0	0	5e-06	0	100	0	0	3
54	9	0	1.21599576	0	0	0	0	0	5e-06	0	100	0	0	3
55	9	0	1.2385142	0	0	0	0	0	5e-06	0	100	0	0	3
56	9	0	1.26103264	0	0	0	0	0	5e-06	0	100	0	0	3
57	9	0	1.28355108	0	0	0	0	0	5e-06	0	100	0	0	3
58	9	0	1.30606952	0	0	0	0	0	5e-06	0	100	0	0	3
59	9	0	1.32858796	0	0	0	0	0	5e-06	0	100	0	0	3
60	9	0	1.3511064	0	0	0	0	0	5e-06	0	100	0	0	3
61	10	0	1.37362484	0	0	0	0	0	5e-06	0	100	0	0	3
62	10	0	1.39614328	0	0	0	0	0	5e-06	0	100	0	0	3
63	10	0	1.41866172	0	0	0	0	0	5e-06	0	100	0	0	3
64	10	0	1.44118016	0	0	0	0	0	5e-06	0	100	0	0	3
65	10	0	1.4636986	0	0	0	0	0	5e-06	0	100	0	0	3
66	10	0	1.48621704	0	0	0	0	0	5e-06	0	100	0	0	3
67	10	0	1.50873548	0	0	0	0	0	5e-06	0	100	0	0	3
68	10	0	1.53125392	0	0	0	0	0	5e-06	0	100	0	0	3
69	11	0	1.55377236	0	0	0	0	0	5e-06	0	100	0	0	3
70	11	0	1.5762908	0	0	0	0	0	5e-06	0	100	0	0	3
71	11	0	1.59880924	0	0	0	0	0	5e-06	0	100	0	0	3
72	11	0	1.62132768	0	0	0	0	0	5e-06	0	100	0	0	3
73	11	0	1.64384612	0	0	0	0	0	5e-06	0	100	0	0	3
74	11	0	1.66636456	0	0	0	0	0	5e-06	0	100	0	0	3
75	11	0	1.688883	0	0	0	0	0	5e-06	0	100	0	0	3
76	11	0	1.71140144	0	0	0	0	0	5e-06	0	100	0	0	3
77	12	0	1.73391988	0	0	0	0	0	5e-06	0	100	0	0	3
78	12	0	1.75643832	0	0	0	0	0	5e-06	0	100	0	0	3
79	12	0	1.77895676	0	0	0	0	0	5e-06	0	100	0	0	3
80	12	0	1.8014752	0	0	0	0	0	5e-06	0	100	0	0	3
81	12	0	1.82399364	0	0	0	0	0	5e-06	0	100	0	0	3
82	12	0	1.84651208	0	0	0	0	0	5e-06	0	100	0	0	3
83	12	0	1.86903052	0	0	0	0	0	5e-06	0	100	0	0	3
84	12	0	1.89154896	0	0	0	0	0	5e-06	0	100	0	0	3
85	13	0	1.91406739	0	0	0	0	0	5e-06	0	100	0	0	3
86	13	0	1.93658583	0	0	0	0	0	5e-06	0	100	0	0	3
87	13	0	1.95910427	0	0	0	0	0	5e-06	0	100	0	0	3
88	13	0	1.98162271	0	0	0	0	0	5e-06	0	100	0	0	3
89	13	0	2.00414115	0	0	0	0	0	5e-06	0	100	0	0	3
90	13	0	2.02665959	0	0	0	0	0	5e-06	0	100	0	0	3
91	13	0	2.04917803	0	0	0	0	0	5e-06	0	100	0	0	3
92	14	0	2.07169647	0	0	0	0	0	5e-06	0	100	0	0	3
93	14	0	2.09421491	0	0	0	0	0	5e-06	0	100	0	0	3
94	14	0	2.11673335	0	0	0	0	0	5e-06	0	100	0	0	3
95	14	0	2.13925179	0	0	0	0	0	5e-06	0	100	0	0	3
96	14	0	2.16177023	0	0	0	0	0	5e-06	0	100	0	0	3
97	14	0	2.18428867	0	0	0	0	0	5e-06	0	100	0	0	3
98	14	0	2.20680711	0	0	0	0	0	5e-06	0	100	0	0	3
99	14	0	2.22932555	0	0	0	0	0	5e-06	0	100	0	0	3
100	15	0	2.25184399	0	0	0	0	0	5e-06	0	100	0	0	3
101	15	0	2.27436243	0	0	0	0	0	5e-06	0	100	0	0	3
102	15	0	2.29688087	0	0	0	0	0	5e-06	0	100	0	0	3
103	15	0	2.31939931	0	0	0	0	0	5e-06	0	100	0	0	3
104	15	0	2.34191775	0	0	0	0	0	5e-06	0	100	0	0	3
105	16	0	2.36443619	0	0	0	0	0	5e-06	0	100	0	0	3
106	16	0	2.38695463	0	0	0	0	0	5e-06	0	100	0	0	3
107	16	0	2.40947307	0	0	0	0	0	5e-06	0	100	0	0	3
108	16	0	2.43199151	0	0	0	0	0	5e-06	0	100	0	0	3
109	16	0	2.45450995	0	0	0	0	0	5e-06	0	100	0	0	3
110	16	0	2.47702839	0	0	0	0	0	5e-06	0	100	0	0	3
111	16	0	2.49954683	0	0	0	0	0	5e-06	0	100	0	0	3
112	17	0	2.52206527	0	0	0	0	0	5e-06	0	100	0	0	3
113	17	0	2.54458371	0	0	0	0	0	5e-06	0	100	0	0	3
114	17	0	2.56710215	0	0	0	0	0	5e-06	0	100	0	0	3
115	17	0	2.58962059	0	0	0	0	0	5e-06	0	100	0	0	3
116	17	0	2.61213903	0	0	0	0	0	5e-06	0	100	0	0	3
117	17	0	2.63465747	0	0	0	0	0	5e-06	0	100	0	0	3
118	17	0	2.65717591	0	0	0	0	0	5e-06	0	100	0	0	3
119	18	0	2.67969435	0	0	0	0	0	5e-06	0	100	0	0	3
120	18	0	2.70221279	0	0	0	0	0	5e-06	0	100	0	0	3
121	18	0	2.72473123	0	0	0	0	0	5e-06	0	100	0	0	3
122	18	0	2.74724967	0	0	0	0	0	5e-06	0	100	0	0	3
123	18	0	2.76976811	0	0	0	0	0	5e-06	0	100	0	0	3
124	18	0	2.79228655	0	0	0	0	0	5e-06	0	100	0	0	3
125	18	0	2.81480499	0	0	0	0	0	5e-06	0	100	0	0	3
126	18	0	2.83732343	0	0	0	0	0	5e-06	0	100	0	0	3
127	19	0	2.85984187	0	0	0	0	0	5e-06	0	100	0	0	3
128	19	0	2.88236031	0	0	0	0	0	5e-06	0	100	0	0	3
129	19	0	2.90487875	0	0	0	0	0	5e-06	0	100	0	0	3
130	19	0	2.92739719	0	0	0	0	0	5e-06	0	100	0	0	3
131	19	0	2.94991563	0	0	0	0	0	5e-06	0	100	0	0	3
132	19	0	2.97243407	0	0	0	0	0	5e-06	0	100	0	0	3
133	19	0	2.99495251	0	0	0	0	0	5e-06	0	100	0	0	3
134	20	0	3.01747095	0	0	0	0	0	5e-06	0	100	0	0	3
135	20	0	3.03998939	0	0	0	0	0	5e-06	0	100	0	0	3
136	20	0	3.06250783	0	0	0	0	0	5e-06	0	100	0	0	3
137	20	0	3.08502627	0	0	0	0	0	5e-06	0	100	0	0	3
138	20	0	3.10754471	0	0	0	0	0	5e-06	0	100	0	0	3
139	20	0	3.13006315	0	0	0	0	0	5e-06	0	100	0	0	3
140	20	0	3.15258159	0	0	0	0	0	5e-06	0	100	0	0	3
141	21	0	3.17510003	0	0	0	0	0	5e-06	0	100	0	0	3
142	21	0	3.19761847	0	0	0	0	0	5e-06	0	100	0	0	3
143	21	0	3.22013691	0	0	0	0	0	5e-06	0	100	0	0	3
144	21	0	3.24265535	0	0	0	0	0	5e-06	0	100	0	0	3
145	21	0	3.26517379	0	0	0	0	0	5e-06	0	100	0	0	3
146	21	0	3.28769223	0	0	0	0	0	5e-06	0	100	0	0	3
147	21	0	3.31021067	0	0	0	0	0	5e-06	0	100	0	0	3
148	21	0	3.33272911	0	0	0	0	0	5e-06	0	100	0	0	3
149	22	0	3.35524755	0	0	0	0	0	5e-06	0	100	0	0	3
150	22	0	3.37776599	0	0	0	0	0	5e-06	0	100	0	0	3
151	22	0	3.40028443	0	0	0	0	0	5e-06	0	100	0	0	3
152	22	0	3.42280287	0	0	0	0	0	5e-06	0	100	0	0	3
153	22	0	3.44532131	0	0	0	0	0	5e-06	0	100	0	0	3
154	22	0	3.46783975	0	0	0	0	0	5e-06	0	100	0	0	3
155	22	0	3.49035819	0	0	0	0	0	5e-06	0	100	0	0	3
156	23	0	3.51287663	0	0	0	0	0	5e-06	0	100	0	0	3
157	23	0	3.53539507	0	0	0	0	0	5e-06	0	100	0	0	3
158	23	0	3.55791351	0	0	0	0	0	5e-06	0	100	0	0	3
159	23	0	3.58043195	0	0	0	0	0	5e-06	0	100	0	0	3
160	23	0	3.60295039	0	0	0	0	0	5e-06	0	100	0	0	3
161	23	0	3.62546883	0	0	0	0	0	5e-06	0	100	0	0	3
162	23	0	3.64798727	0	0	0	0	0	5e-06	0	100	0	0	3
163	24	0	3.67050571	0	0	0	0	0	5e-06	0	100	0	0	3
164	24	0	3.69302415	0	0	0	0	0	5e-06	0	100	0	0	3
165	24	0	3.71554259	0	0	0	0	0	5e-06	0	100	0	0	3
166	24	0	3.73806103	0	0	0	0	0	5e-06	0	100	0	0	3
167	24	0	3.76057947	0	0	0	0	0	5e-06	0	100	0	0	3
168	24	0	3.78309791	0	0	0	0	0	5e-06	0	100	0	0	3
169	24	0	3.80561635	0	0	0	0	0	5e-06	0	100	0	0	3
170	25	0	3.82813479	0	0	0	0	0	5e-06	0	100	0	0	3
171	25	0	3.85065323	0	0	0	0	0	5e-06	0	100	0	0	3
172	25	0	3.87317167	0	0	0	0	0	5e-06	0	100	0	0	3
173	25	0	3.89569011	0	0	0	0	0	5e-06	0	100	0	0	3
174	25	0	3.91820855	0	0	0	0	0	5e-06	0	100	0	0	3
175	25	0	3.94072699	0	0	0	0	0	5e-06	0	100	0	0	3
176	25	0	3.96324543	0	0	0	0	0	5e-06	0	100	0	0	3
177	26	0	3.98576387	0	0	0	0	0	5e-06	0	100	0	0	3
178	26	0	4.00828231	0	0	0	0	0	5e-06	0	100	0	0	3
