Iteration	CPUTime	PhysTime	Travels	Value	AvValue	MinValue	MaxValue	Delta	Criteria	PrevAvRefValue	Progress	CriteriaType	CriteriaVarType	CriteriaPercentage
1	1	0	0.0188465549	-62.7015802	-62.7015802	-62.7015802	-62.7015802	0	0	0	0	0	0	3
2	1	0	0.0376931098	-108.098165	-85.3998726	-108.098165	-62.7015802	22.6982924	0	0	0	0	0	3
3	1	0	0.0565396646	-117.35152	-96.0504218	-117.35152	-62.7015802	33.3488416	0	0	0	0	0	3
4	1	0	0.0753862195	-131.378183	-104.882362	-131.378183	-62.7015802	42.1807819	0	0	0	0	0	3
5	2	0	0.0942327744	-137.588556	-111.423601	-137.588556	-62.7015802	48.7220206	0	0	0	0	0	3
6	2	0	0.113079329	-149.476127	-117.765689	-149.476127	-62.7015802	55.0641083	0	0	0	0	0	3
7	2	0	0.131925884	-165.15628	-124.535773	-165.15628	-62.7015802	61.8341929	0	0	0	0	0	3
8	3	0	0.150772439	-174.487638	-130.779756	-174.487638	-62.7015802	68.0781761	0	0	0	0	0	3
9	3	0	0.169618994	-185.564008	-136.866895	-185.564008	-62.7015802	74.1653151	0	0	0	0	0	3
10	3	0	0.188465549	-190.148264	-142.195032	-190.148264	-62.7015802	79.493452	0	0	0	0	0	3
11	3	0	0.207312104	-193.237888	-146.835292	-193.237888	-62.7015802	84.1337116	0	0	0	0	0	3
12	3	0	0.226158659	-199.190501	-151.198226	-199.190501	-62.7015802	88.4966457	0	0	0	0	0	3
13	4	0	0.245005213	-200.309553	-154.97602	-200.309553	-62.7015802	92.2744401	0	0	0	0	0	3
14	4	0	0.263851768	-204.172978	-158.490089	-204.172978	-62.7015802	95.7885085	0	0	0	0	0	3
15	4	0	0.282698323	-211.70316	-162.037627	-211.70316	-62.7015802	99.3360466	0	0	0	0	0	3
16	4	0	0.301544878	-215.191596	-165.35975	-215.191596	-62.7015802	102.65817	0	0	0	0	0	3
17	4	0	0.320391433	-225.395718	-168.891277	-225.395718	-62.7015802	106.189697	0	0	0	0	0	3
18	5	0	0.339237988	-231.300126	-172.358436	-231.300126	-62.7015802	109.656855	0	0	0	0	0	3
19	5	0	0.358084543	-238.427458	-175.835753	-238.427458	-62.7015802	113.134172	0	0	0	0	0	3
20	5	0	0.376931098	-243.444261	-179.216178	-243.444261	-62.7015802	116.514598	0	0	0	0	0	3
21	5	0	0.395777652	-248.464351	-182.51371	-248.464351	-62.7015802	119.81213	0	0	0	0	0	3
22	5	0	0.414624207	-252.857785	-185.711168	-252.857785	-62.7015802	123.009588	0	0	0	0	0	3
23	6	0	0.433470762	-263.014655	-189.072189	-263.014655	-62.7015802	126.370609	0	0	0	0	0	3
24	6	0	0.452317317	-272.331063	-192.541309	-272.331063	-62.7015802	129.839729	0	0	0	0	0	3
25	6	0	0.471163872	-278.296454	-195.971515	-278.296454	-62.7015802	133.269935	0	0	0	0	0	3
26	6	0	0.490010427	-286.429839	-199.450681	-286.429839	-62.7015802	136.749101	0	0	0	0	0	3
27	6	0	0.508856982	-292.070012	-202.881027	-292.070012	-62.7015802	140.179446	0	0	0	0	0	3
28	7	0	0.527703537	-296.514117	-211.54075	-296.514117	-108.098165	126.140878	0	0	0	0	0	3
29	7	0	0.546550091	-297.576763	-218.558476	-297.576763	-117.35152	122.508054	0	0	0	0	0	3
30	7	0	0.565396646	-301.448397	-225.376879	-301.448397	-131.378183	120.494517	0	0	0	0	0	3
31	7	0	0.584243201	-303.591223	-231.75514	-303.591223	-137.588556	120.331539	0	0	0	0	0	3
32	7	0	0.603089756	-303.274526	-237.891657	-303.591223	-149.476127	120.125969	0	0	0	0	0	3
33	8	0	0.621936311	-299.81839	-243.459889	-303.591223	-165.15628	118.924116	0	0	0	0	0	3
34	8	0	0.640782866	-296.582689	-248.327534	-303.591223	-174.487638	117.547778	0	0	0	0	0	3
35	8	0	0.659629421	-292.436088	-252.695995	-303.591223	-185.564008	115.8291	0	0	0	0	0	3
36	8	0	0.678475976	-287.444887	-256.469361	-303.591223	-190.148264	113.442958	0	0	0	0	0	3
37	9	0	0.69732253	-281.726573	-259.86115	-303.591223	-193.237888	110.353335	0	0	0	0	0	3
38	9	0	0.716169085	-275.745435	-262.916985	-303.591223	-199.190501	104.400722	0	0	0	0	0	3
39	9	0	0.73501564	-270.651363	-265.563684	-303.591223	-200.309553	103.28167	0	0	0	0	0	3
40	9	0	0.753862195	-267.162656	-268.039725	-303.591223	-204.172978	99.4182442	0	0	0	0	0	3
41	9	0	0.77270875	-265.689989	-270.318132	-303.591223	-211.70316	91.8880629	0	0	0	0	0	3
42	10	0	0.791555305	-264.528841	-272.274639	-303.591223	-215.191596	88.399627	0	0	0	0	0	3
43	10	0	0.81040186	-262.557079	-274.028916	-303.591223	-225.395718	78.1955049	0	0	0	0	0	3
44	10	0	0.829248415	-261.69548	-275.373352	-303.591223	-231.300126	72.291097	0	0	0	0	0	3
45	10	0	0.848094969	-260.394739	-276.45093	-303.591223	-238.427458	65.163765	0	0	0	0	0	3
46	10	0	0.866941524	-260.124567	-277.254527	-303.591223	-243.444261	60.1469613	0	0	0	0	0	3
47	10	0	0.885788079	-259.308819	-277.842103	-303.591223	-248.464351	55.1268714	0	0	0	0	0	3
48	11	0	0.904634634	-258.969946	-278.231199	-303.591223	-252.857785	50.7334374	0	0	0	0	0	3
49	11	0	0.923481189	-258.582187	-278.443214	-303.591223	-258.582187	45.009036	0	0	0	0	0	3
50	11	0	0.942327744	-258.495554	-278.27584	-303.591223	-258.495554	45.0956685	0	0	0	0	0	3
51	11	0	0.961174299	-258.811262	-277.775106	-303.591223	-258.495554	45.0956685	0	0	0	0	0	3
52	11	0	0.980020854	-259.212016	-277.068275	-303.591223	-258.495554	45.0956685	0	0	0	0	0	3
53	11	0	0.998867408	-259.027116	-276.05336	-303.591223	-258.495554	45.0956685	0	0	0	0	0	3
54	11	0	1.01771396	-259.180269	-274.835221	-303.591223	-258.495554	45.0956685	5.58719107	0	12.3	0	0	3
55	12	0	1.03656052	-259.298287	-273.456857	-303.591223	-258.495554	45.0956685	5.58719107	0	12.3	0	0	3
56	12	0	1.05540707	-258.625917	-272.014233	-303.591223	-258.495554	45.0956685	5.58719107	0	12.3	0	0	3
57	12	0	1.07425363	-258.563236	-270.425894	-303.591223	-258.495554	45.0956685	5.58719107	0	12.3	0	0	3
58	12	0	1.09310018	-257.690876	-268.725881	-303.274526	-257.690876	40.5515568	5.58719107	0	13.7	0	0	3
59	12	0	1.11194674	-257.545097	-267.032198	-299.81839	-257.545097	34.9833249	5.58719107	0	15.9	0	0	3
60	12	0	1.13079329	-255.984512	-265.408721	-296.582689	-255.984512	30.1156801	5.58719107	0	18.5	0	0	3
61	13	0	1.14963985	-256.076405	-263.908489	-292.436088	-255.984512	25.747219	5.58719107	0	21.7	0	0	3
62	13	0	1.1684864	-255.971739	-262.557957	-287.444887	-255.971739	21.9738531	5.58719107	0	25.4	0	0	3
63	13	0	1.18733296	-255.854989	-261.387961	-281.726573	-255.854989	18.5820639	5.58719107	0	30	0	0	3
64	13	0	1.20617951	-255.354324	-260.411211	-275.745435	-255.354324	18.0320028	5.58719107	0	30.9	0	0	3
65	13	0	1.22502607	-254.982646	-259.642219	-270.651363	-254.982646	15.6687166	5.58719107	0	35.6	0	0	3
66	13	0	1.24387262	-254.338187	-259.038027	-267.162656	-254.338187	12.8244692	5.58719107	0	43.5	0	0	3
67	14	0	1.26271918	-254.144167	-258.555861	-265.689989	-254.144167	11.5458222	5.58719107	0	48.3	0	0	3
68	14	0	1.28156573	-253.745148	-258.113459	-264.528841	-253.745148	10.7836931	5.58719107	0	51.8	0	0	3
69	14	0	1.30041229	-253.865845	-257.718534	-262.557079	-253.745148	8.81193056	5.58719107	0	63.4	0	0	3
70	14	0	1.31925884	-253.609407	-257.387138	-261.69548	-253.609407	8.08607276	5.58719107	0	69	0	0	3
71	14	0	1.3381054	-253.546422	-257.085321	-260.394739	-253.546422	6.84831708	5.58719107	0	81.5	0	0	3
72	14	0	1.35695195	-253.634601	-256.834946	-260.124567	-253.546422	6.5781457	5.58719107	0	84.9	0	0	3
73	14	0	1.37579851	-254.027055	-256.609112	-259.308819	-253.546422	5.76239742	5.58719107	0	96.9	0	0	3
74	15	0	1.39464506	-253.594902	-256.397486	-259.298287	-253.546422	5.7518654	5.58719107	0	97.1	0	0	3
75	15	0	1.41349162	-254.679492	-256.23858	-259.298287	-253.546422	5.7518654	5.58719107	0	97.1	0	0	3
76	15	0	1.43233817	-254.841945	-256.100052	-259.298287	-253.546422	5.7518654	5.58719107	0	97.1	0	0	3
77	15	0	1.45118473	-255.181644	-255.977315	-259.298287	-253.546422	5.7518654	5.58719107	0	97.1	0	0	3
78	15	0	1.47003128	-254.980127	-255.835421	-259.298287	-253.546422	5.7518654	5.58719107	0	97.1	0	0	3
79	15	0	1.48887784	-254.797859	-255.671934	-259.298287	-253.546422	5.7518654	5.58719107	0	97.1	0	0	3
80	16	0	1.50772439	-254.55968	-255.506473	-259.298287	-253.546422	5.7518654	5.58719107	0	97.1	0	0	3
81	16	0	1.52657094	-254.610742	-255.337232	-259.298287	-253.546422	5.7518654	5.58719107	0	97.1	0	0	3
82	16	0	1.5454175	-253.902772	-255.137398	-258.625917	-253.546422	5.07949503	5.58719107	0	100	0	0	3
83	16	0	1.56426405	-253.83205	-254.959847	-258.563236	-253.546422	5.0168148	5.58719107	0	100	0	0	3
84	16	0	1.58311061	-253.444204	-254.770253	-257.690876	-253.444204	4.24667224	5.58719107	0	100	0	0	3
85	16	0	1.60195716	-253.301644	-254.607689	-257.545097	-253.301644	4.24345255	5.58719107	0	100	0	0	3
86	17	0	1.62080372	-252.734973	-254.429536	-256.076405	-252.734973	3.34143215	5.58719107	0	100	0	0	3
87	17	0	1.63965027	-252.544272	-254.30212	-256.076405	-252.544272	3.53213279	5.58719107	0	100	0	0	3
88	17	0	1.65849683	-251.974807	-254.150209	-255.971739	-251.974807	3.99693258	5.58719107	0	100	0	0	3
89	17	0	1.67734338	-251.817249	-253.996339	-255.854989	-251.817249	4.03773978	5.58719107	0	100	0	0	3
90	17	0	1.69618994	-250.82883	-253.810185	-255.354324	-250.82883	4.52549446	5.58719107	0	100	0	0	3
91	20	0	1.71503649	-251.148161	-253.654401	-255.181644	-250.82883	4.35281452	5.58719107	0	100	0	0	3
92	21	0	1.73388305	-251.466423	-253.524171	-255.181644	-250.82883	4.35281452	5.58719107	0	100	0	0	3
93	21	0	1.7527296	-251.703009	-253.426571	-255.181644	-250.82883	4.35281452	5.58719107	0	100	0	0	3
94	21	0	1.77157616	-251.339292	-253.322687	-255.181644	-250.82883	4.35281452	5.58719107	0	100	0	0	3
95	21	0	1.79042271	-251.589502	-253.242848	-255.181644	-250.82883	4.35281452	5.58719107	0	100	0	0	3
96	21	0	1.80926927	-251.446614	-253.153247	-255.181644	-250.82883	4.23389112	5.58719107	0	100	0	0	3
