Iteration	CPUTime	PhysTime	Travels	Value	AvValue	MinValue	MaxValue	Delta	Criteria	PrevAvRefValue	Progress	CriteriaType	CriteriaVarType	CriteriaPercentage
1	1	0	0.0188465549	-8.05448943	-8.05448943	-8.05448943	-8.05448943	0	0	0	0	0	0	3
2	1	0	0.0376931098	-19.5439528	-13.7992211	-19.5439528	-8.05448943	5.74473169	0	0	0	0	0	3
3	1	0	0.0565396646	-16.9603018	-14.8529147	-19.5439528	-8.05448943	6.79842524	0	0	0	0	0	3
4	1	0	0.0753862195	-20.6330726	-16.2979541	-20.6330726	-8.05448943	8.24346471	0	0	0	0	0	3
5	2	0	0.0942327744	-20.4371426	-17.1257918	-20.6330726	-8.05448943	9.07130241	0	0	0	0	0	3
6	2	0	0.113079329	-22.4759146	-18.017479	-22.4759146	-8.05448943	9.96298954	0	0	0	0	0	3
7	2	0	0.131925884	-23.9967706	-18.8716635	-23.9967706	-8.05448943	10.8171741	0	0	0	0	0	3
8	3	0	0.150772439	-25.1168411	-19.6523107	-25.1168411	-8.05448943	11.5978213	0	0	0	0	0	3
9	3	0	0.169618994	-26.5124377	-20.414547	-26.5124377	-8.05448943	12.3600576	0	0	0	0	0	3
10	3	0	0.188465549	-24.3648945	-20.8095818	-26.5124377	-8.05448943	12.7550923	0	0	0	0	0	3
11	3	0	0.207312104	-29.4374573	-21.5939341	-29.4374573	-8.05448943	13.5394447	0	0	0	0	0	3
12	3	0	0.226158659	-29.2824172	-22.234641	-29.4374573	-8.05448943	14.1801516	0	0	0	0	0	3
13	4	0	0.245005213	-33.8329346	-23.1268174	-33.8329346	-8.05448943	15.072328	0	0	0	0	0	3
14	4	0	0.263851768	-33.6846439	-23.8809479	-33.8329346	-8.05448943	15.8264585	0	0	0	0	0	3
15	4	0	0.282698323	-34.4322067	-24.5843652	-34.4322067	-8.05448943	16.5298757	0	0	0	0	0	3
16	4	0	0.301544878	-33.4298454	-25.1372077	-34.4322067	-8.05448943	17.0827182	0	0	0	0	0	3
17	4	0	0.320391433	-35.1128657	-25.7240111	-35.1128657	-8.05448943	17.6695217	0	0	0	0	0	3
18	5	0	0.339237988	-32.3095094	-26.0898721	-35.1128657	-8.05448943	18.0353827	0	0	0	0	0	3
19	5	0	0.358084543	-32.2342739	-26.4132617	-35.1128657	-8.05448943	18.3587722	0	0	0	0	0	3
20	5	0	0.376931098	-30.9540233	-26.6402998	-35.1128657	-8.05448943	18.5858103	0	0	0	0	0	3
21	5	0	0.395777652	-32.3862645	-26.9139171	-35.1128657	-8.05448943	18.8594277	0	0	0	0	0	3
22	5	0	0.414624207	-32.1420018	-27.1515573	-35.1128657	-8.05448943	19.0970679	0	0	0	0	0	3
23	6	0	0.433470762	-33.9673268	-27.4478951	-35.1128657	-8.05448943	19.3934057	0	0	0	0	0	3
24	6	0	0.452317317	-33.17063	-27.6863424	-35.1128657	-8.05448943	19.631853	0	0	0	0	0	3
25	6	0	0.471163872	-33.5685179	-27.9216294	-35.1128657	-8.05448943	19.86714	0	0	0	0	0	3
26	6	0	0.490010427	-31.7254053	-28.0679285	-35.1128657	-8.05448943	20.0134391	0	0	0	0	0	3
27	6	0	0.508856982	-29.7668239	-28.1308506	-35.1128657	-8.05448943	20.0763611	0	0	0	0	0	3
28	7	0	0.527703537	-28.6930265	-28.8952408	-35.1128657	-16.9603018	15.0960197	0	0	0	0	0	3
29	7	0	0.546550091	-27.2163028	-29.1794019	-35.1128657	-16.9603018	14.3264873	0	0	0	0	0	3
30	7	0	0.565396646	-26.0295499	-29.5153	-35.1128657	-20.4371426	13.2173459	0	0	0	0	0	3
31	7	0	0.584243201	-23.5113882	-29.6219043	-35.1128657	-20.4371426	12.4961125	0	0	0	0	0	3
32	7	0	0.603089756	-20.9043633	-29.6392088	-35.1128657	-20.9043633	11.6217298	0	0	0	0	0	3
33	8	0	0.621936311	-17.8527227	-29.4679794	-35.1128657	-17.8527227	10.7675453	0	0	0	0	0	3
34	8	0	0.640782866	-14.6467076	-29.1216808	-35.1128657	-14.6467076	9.98689808	0	0	0	0	0	3
35	8	0	0.659629421	-11.8997024	-28.6321572	-35.1128657	-11.8997024	9.22466175	0	0	0	0	0	3
36	8	0	0.678475976	-8.8693347	-27.9787089	-35.1128657	-8.8693347	8.82962701	0	0	0	0	0	3
37	9	0	0.69732253	-5.37917799	-27.2755342	-35.1128657	-5.37917799	8.04527469	0	0	0	0	0	3
38	9	0	0.716169085	-1.61310487	-26.2450026	-35.1128657	-1.61310487	7.40456776	0	0	0	0	0	3
39	9	0	0.73501564	0.662587888	-25.1359284	-35.1128657	0.662587888	6.51239133	0	0	0	0	0	3
40	9	0	0.753862195	2.62941808	-23.7854709	-35.1128657	2.62941808	5.8537379	0	0	0	0	0	3
41	9	0	0.77270875	3.69141361	-22.4011724	-35.1128657	3.69141361	7.23803633	0	0	0	0	0	3
42	10	0	0.791555305	4.45134317	-20.961041	-35.1128657	4.45134317	8.6781678	0	0	0	0	0	3
43	10	0	0.81040186	4.55161258	-19.5543203	-35.1128657	4.55161258	10.0848885	0	0	0	0	0	3
44	10	0	0.829248415	5.15997564	-18.0627336	-33.9673268	5.15997564	11.5764752	0	0	0	0	0	3
45	10	0	0.848094969	4.95386077	-16.6826088	-33.9673268	5.15997564	12.9566	0	0	0	0	0	3
46	10	0	0.866941524	5.42203797	-15.2879305	-33.9673268	5.42203797	14.3512782	0	0	0	0	0	3
47	10	0	0.885788079	5.44565997	-13.9397941	-33.9673268	5.44565997	15.6994146	0	0	0	0	0	3
48	11	0	0.904634634	5.34600053	-12.5423028	-33.9673268	5.44565997	17.0969059	0	0	0	0	0	3
49	11	0	0.923481189	5.07756477	-11.1638004	-33.9673268	5.44565997	18.4754084	0	0	0	0	0	3
50	11	0	0.942327744	4.95919144	-9.72207747	-33.5685179	5.44565997	19.9171313	0	0	0	0	0	3
51	11	0	0.961174299	4.6578284	-8.32102346	-33.5685179	5.44565997	21.3181853	0	0	0	0	0	3
52	11	0	0.980020854	4.70610004	-6.90344502	-31.7254053	5.44565997	22.7357638	0	0	0	0	0	3
53	11	0	0.998867408	4.49294514	-5.56202463	-29.7668239	5.44565997	24.0771841	0	0	0	0	0	3
54	11	0	1.01771396	4.48918865	-4.29328342	-28.6930265	5.44565997	25.3459254	1.21675577	0	4.8	0	0	3
55	12	0	1.03656052	4.67843949	-3.0573032	-27.2163028	5.44565997	26.5819056	1.21675577	0	4.5	0	0	3
56	12	0	1.05540707	4.61485383	-1.87837147	-26.0295499	5.44565997	27.7608373	1.21675577	0	4.3	0	0	3
57	12	0	1.07425363	4.75377803	-0.738248213	-23.5113882	5.44565997	28.9009606	1.21675577	0	4.2	0	0	3
58	12	0	1.09310018	4.73499502	0.307914128	-20.9043633	5.44565997	26.3500233	1.21675577	0	4.6	0	0	3
59	12	0	1.11194674	4.53297986	1.25003795	-17.8527227	5.44565997	23.2983827	1.21675577	0	5.2	0	0	3
60	12	0	1.13079329	4.29956782	2.07049315	-14.6467076	5.44565997	20.0923676	1.21675577	0	6	0	0	3
61	13	0	1.14963985	4.15086448	2.76669953	-11.8997024	5.44565997	17.3453623	1.21675577	0	7	0	0	3
62	13	0	1.1684864	3.90931312	3.35221862	-8.8693347	5.44565997	14.3149947	1.21675577	0	8.4	0	0	3
63	13	0	1.18733296	3.93059154	3.82628996	-5.37917799	5.44565997	10.824838	1.21675577	0	11.2	0	0	3
64	13	0	1.20617951	3.78009588	4.16552233	-1.61310487	5.44565997	7.05876483	1.21675577	0	17.2	0	0	3
65	13	0	1.22502607	3.41171738	4.35162686	0.662587888	5.44565997	4.78307208	1.21675577	0	25.4	0	0	3
66	13	0	1.24387262	3.42046106	4.45377031	2.62941808	5.44565997	2.81624188	1.21675577	0	43.2	0	0	3
67	14	0	1.26271918	3.14350894	4.47281071	3.14350894	5.44565997	2.30215102	1.21675577	0	52.8	0	0	3
68	14	0	1.28156573	3.21861591	4.45529968	3.14350894	5.44565997	2.30215102	1.21675577	0	52.8	0	0	3
69	14	0	1.30041229	3.46068982	4.41860882	3.14350894	5.44565997	2.30215102	1.21675577	0	52.8	0	0	3
70	14	0	1.31925884	3.26342982	4.37089835	3.14350894	5.44565997	2.30215102	1.21675577	0	52.8	0	0	3
71	14	0	1.3381054	2.94973718	4.28903766	2.94973718	5.44565997	2.49592279	1.21675577	0	48.7	0	0	3
72	14	0	1.35695195	2.78555911	4.20873019	2.78555911	5.44565997	2.66010085	1.21675577	0	45.7	0	0	3
73	14	0	1.37579851	2.89150909	4.1150069	2.78555911	5.44565997	2.66010085	1.21675577	0	45.7	0	0	3
74	15	0	1.39464506	2.79917477	4.01698893	2.78555911	5.34600053	2.56044141	1.21675577	0	47.5	0	0	3
75	15	0	1.41349162	2.36973195	3.90675676	2.36973195	5.07756477	2.70783282	1.21675577	0	44.9	0	0	3
76	15	0	1.43233817	2.42950855	3.80868061	2.36973195	4.95919144	2.5894595	1.21675577	0	46.9	0	0	3
77	15	0	1.45118473	2.22052279	3.70724843	2.22052279	4.75377803	2.53325524	1.21675577	0	48	0	0	3
78	15	0	1.47003128	2.19324333	3.6159675	2.19324333	4.75377803	2.5605347	1.21675577	0	47.5	0	0	3
79	15	0	1.48887784	2.34869353	3.52865615	2.19324333	4.75377803	2.5605347	1.21675577	0	47.5	0	0	3
80	16	0	1.50772439	2.26349977	3.4460841	2.19324333	4.75377803	2.5605347	1.21675577	0	47.5	0	0	3
81	16	0	1.52657094	2.2484547	3.36309396	2.19324333	4.75377803	2.5605347	1.21675577	0	47.5	0	0	3
82	16	0	1.5454175	2.38047787	3.27798427	2.19324333	4.75377803	2.5605347	1.21675577	0	47.5	0	0	3
83	16	0	1.56426405	2.502069	3.19973298	2.19324333	4.75377803	2.5605347	1.21675577	0	47.5	0	0	3
84	16	0	1.58311061	2.58387862	3.11936633	2.19324333	4.73499502	2.54175169	1.21675577	0	47.8	0	0	3
85	16	0	1.60195716	2.69731863	3.04389683	2.19324333	4.53297986	2.33973654	1.21675577	0	52	0	0	3
86	17	0	1.62080372	2.56537919	2.97102274	2.19324333	4.29956782	2.10632449	1.21675577	0	57.7	0	0	3
87	17	0	1.63965027	2.64544046	2.90975876	2.19324333	4.15086448	1.70611118	1.21675577	0	71.3	0	0	3
88	17	0	1.65849683	2.53217296	2.84980722	2.19324333	3.93059154	1.62300349	1.21675577	0	74.9	0	0	3
89	17	0	1.67734338	2.48987751	2.79723553	2.19324333	3.93059154	1.67557518	1.21675577	0	72.6	0	0	3
90	17	0	1.69618994	2.43980184	2.7420211	2.19324333	3.78009588	1.58685255	1.21675577	0	76.6	0	0	3
91	20	0	1.71503649	2.75714578	2.70413406	2.19324333	3.46068982	1.26744649	1.21675577	0	96	0	0	3
92	21	0	1.73388305	2.87083786	2.68410148	2.19324333	3.46068982	1.26744649	1.21675577	0	96	0	0	3
93	21	0	1.7527296	2.80812956	2.66142254	2.19324333	3.46068982	1.26744649	1.21675577	0	96	0	0	3
94	21	0	1.77157616	2.94064211	2.65390895	2.19324333	3.46068982	1.26744649	1.21675577	0	96	0	0	3
95	21	0	1.79042271	2.86020473	2.64063446	2.19324333	3.46068982	1.26744649	1.21675577	0	96	0	0	3
96	21	0	1.80926927	2.96322279	2.62220976	2.19324333	3.26342982	1.07018649	1.21675577	0	100	0	0	3
