Iteration	CPUTime	PhysTime	Travels	Value	AvValue	MinValue	MaxValue	Delta	Criteria	PrevAvRefValue	Progress	CriteriaType	CriteriaVarType	CriteriaPercentage
1	1	0	0.0188465549	2.1443301e-09	2.1443301e-09	2.1443301e-09	2.1443301e-09	0	0	0	0	0	0	3
2	1	0	0.0376931098	-3.36547138e-08	-1.57551918e-08	-3.36547138e-08	2.1443301e-09	1.78995219e-08	0	0	0	0	0	3
3	1	0	0.0565396646	5.03739753e-08	6.28786388e-09	-3.36547138e-08	5.03739753e-08	2.20430557e-08	0	0	0	0	0	3
4	1	0	0.0753862195	2.09091604e-08	9.94318801e-09	-3.36547138e-08	5.03739753e-08	2.56983799e-08	0	0	0	0	0	3
5	2	0	0.0942327744	7.82537635e-09	9.51962568e-09	-3.36547138e-08	5.03739753e-08	2.56983799e-08	0	0	0	0	0	3
6	2	0	0.113079329	8.95515884e-10	8.08227404e-09	-3.36547138e-08	5.03739753e-08	2.56983799e-08	0	0	0	0	0	3
7	2	0	0.131925884	1.18049237e-09	7.09630523e-09	-3.36547138e-08	5.03739753e-08	2.56983799e-08	0	0	0	0	0	3
8	3	0	0.150772439	6.63823219e-10	6.29224498e-09	-3.36547138e-08	5.03739753e-08	2.56983799e-08	0	0	0	0	0	3
9	3	0	0.169618994	9.19778032e-10	5.69530421e-09	-3.36547138e-08	5.03739753e-08	2.56983799e-08	0	0	0	0	0	3
10	3	0	0.188465549	8.96731356e-10	5.21544692e-09	-3.36547138e-08	5.03739753e-08	2.56983799e-08	0	0	0	0	0	3
11	3	0	0.207312104	7.83499488e-10	4.81254261e-09	-3.36547138e-08	5.03739753e-08	2.56983799e-08	0	0	0	0	0	3
12	3	0	0.226158659	2.20160312e-09	4.59496432e-09	-3.36547138e-08	5.03739753e-08	2.56983799e-08	0	0	0	0	0	3
13	4	0	0.245005213	2.15814078e-09	4.40751636e-09	-3.36547138e-08	5.03739753e-08	2.56983799e-08	0	0	0	0	0	3
14	4	0	0.263851768	2.38443887e-09	4.26301082e-09	-3.36547138e-08	5.03739753e-08	2.56983799e-08	0	0	0	0	0	3
15	4	0	0.282698323	2.37352782e-09	4.13704529e-09	-3.36547138e-08	5.03739753e-08	2.56983799e-08	0	0	0	0	0	3
16	4	0	0.301544878	2.90434499e-09	4.06000152e-09	-3.36547138e-08	5.03739753e-08	2.56983799e-08	0	0	0	0	0	3
17	4	0	0.320391433	4.5858608e-09	4.09093442e-09	-3.36547138e-08	5.03739753e-08	2.56983799e-08	0	0	0	0	0	3
18	5	0	0.339237988	6.10356943e-09	4.20274747e-09	-3.36547138e-08	5.03739753e-08	2.56983799e-08	0	0	0	0	0	3
19	5	0	0.358084543	5.09869613e-09	4.24990267e-09	-3.36547138e-08	5.03739753e-08	2.56983799e-08	0	0	0	0	0	3
20	5	0	0.376931098	-5.73800052e-09	3.75050751e-09	-3.36547138e-08	5.03739753e-08	2.56983799e-08	0	0	0	0	0	3
21	5	0	0.395777652	6.0575942e-09	3.86036878e-09	-3.36547138e-08	5.03739753e-08	2.56983799e-08	0	0	0	0	0	3
22	5	0	0.414624207	2.22964953e-08	4.69837453e-09	-3.36547138e-08	5.03739753e-08	2.56983799e-08	0	0	0	0	0	3
23	6	0	0.433470762	8.53375703e-09	4.86513029e-09	-3.36547138e-08	5.03739753e-08	2.56983799e-08	0	0	0	0	0	3
24	6	0	0.452317317	9.78169856e-09	5.0699873e-09	-3.36547138e-08	5.03739753e-08	2.56983799e-08	0	0	0	0	0	3
25	6	0	0.471163872	-1.21704404e-08	4.38037019e-09	-3.36547138e-08	5.03739753e-08	2.56983799e-08	0	0	0	0	0	3
26	6	0	0.490010427	-1.07519715e-08	3.79835705e-09	-3.36547138e-08	5.03739753e-08	2.56983799e-08	0	0	0	0	0	3
27	6	0	0.508856982	-1.54980877e-08	3.08367391e-09	-3.36547138e-08	5.03739753e-08	2.56983799e-08	0	0	0	0	0	3
28	7	0	0.527703537	-1.60273532e-08	2.4106486e-09	-3.36547138e-08	5.03739753e-08	2.56983799e-08	0	0	0	0	0	3
29	7	0	0.546550091	-1.98021652e-08	2.92370596e-09	-1.98021652e-08	5.03739753e-08	7.53253941e-09	0	0	0	0	0	3
30	7	0	0.565396646	-1.56473541e-08	4.78471534e-10	-1.98021652e-08	2.22964953e-08	9.46471648e-09	0	0	0	0	0	3
31	7	0	0.584243201	-1.76704193e-08	-9.5040179e-10	-1.98021652e-08	2.22964953e-08	1.04700275e-08	0	0	0	0	0	3
32	7	0	0.603089756	-2.20673633e-08	-2.05754029e-09	-2.20673633e-08	2.22964953e-08	1.01398143e-08	0	0	0	0	0	3
33	8	0	0.621936311	-2.13158062e-08	-2.88018185e-09	-2.20673633e-08	2.22964953e-08	9.97648709e-09	0	0	0	0	0	3
34	8	0	0.640782866	-2.00783992e-08	-3.66754821e-09	-2.20673633e-08	2.22964953e-08	9.95979319e-09	0	0	0	0	0	3
35	8	0	0.659629421	-1.77164845e-08	-4.34830035e-09	-2.20673633e-08	2.22964953e-08	1.00436046e-08	0	0	0	0	0	3
36	8	0	0.678475976	-1.50842756e-08	-4.94104307e-09	-2.20673633e-08	2.22964953e-08	1.015649e-08	0	0	0	0	0	3
37	9	0	0.69732253	-1.93130798e-08	-5.6895546e-09	-2.20673633e-08	2.22964953e-08	1.07595419e-08	0	0	0	0	0	3
38	9	0	0.716169085	-1.36765361e-08	-6.22511147e-09	-2.20673633e-08	2.22964953e-08	1.12950988e-08	0	0	0	0	0	3
39	9	0	0.73501564	-1.17358609e-08	-6.74131384e-09	-2.20673633e-08	2.22964953e-08	1.18113011e-08	0	0	0	0	0	3
40	9	0	0.753862195	2.08823156e-07	9.1294599e-10	-2.20673633e-08	2.08823156e-07	1.18113011e-08	0	0	0	0	0	3
41	9	0	0.77270875	1.71302127e-07	7.16915665e-09	-2.20673633e-08	2.08823156e-07	1.39104705e-08	0	0	0	0	0	3
42	10	0	0.791555305	-8.09883526e-07	-2.29144379e-08	-8.09883526e-07	2.08823156e-07	3.00835946e-08	0	0	0	0	0	3
43	10	0	0.81040186	-4.51642882e-07	-3.97495204e-08	-8.09883526e-07	2.08823156e-07	4.69186771e-08	0	0	0	0	0	3
44	10	0	0.829248415	-1.31590006e-06	-8.86564063e-08	-1.31590006e-06	2.08823156e-07	9.5825563e-08	0	0	0	0	0	3
45	10	0	0.848094969	-1.55198932e-06	-1.4636355e-07	-1.55198932e-06	2.08823156e-07	1.53532707e-07	0	0	0	0	0	3
46	10	0	0.866941524	-1.59707787e-06	-2.05703423e-07	-1.59707787e-06	2.08823156e-07	2.1287258e-07	0	0	0	0	0	3
47	10	0	0.885788079	-1.10339724e-06	-2.46357469e-07	-1.59707787e-06	2.08823156e-07	2.53526626e-07	0	0	0	0	0	3
48	11	0	0.904634634	-5.07712069e-07	-2.65385975e-07	-1.59707787e-06	2.08823156e-07	2.72555132e-07	0	0	0	0	0	3
49	11	0	0.923481189	-3.70021192e-06	-4.03256657e-07	-3.70021192e-06	2.08823156e-07	4.10425814e-07	0	0	0	0	0	3
50	11	0	0.942327744	-1.82073635e-06	-4.71007402e-07	-3.70021192e-06	2.08823156e-07	4.78176559e-07	0	0	0	0	0	3
51	11	0	0.961174299	-2.47526762e-06	-5.63046266e-07	-3.70021192e-06	2.08823156e-07	5.70215422e-07	0	0	0	0	0	3
52	11	0	0.980020854	-5.84086871e-06	-7.78923979e-07	-5.84086871e-06	2.08823156e-07	7.86093136e-07	0	0	0	0	0	3
53	11	0	0.998867408	-3.5580682e-06	-9.10306062e-07	-5.84086871e-06	2.08823156e-07	9.17475218e-07	0	0	0	0	0	3
54	11	0	1.01771396	-1.83636936e-06	-9.77745739e-07	-5.84086871e-06	2.08823156e-07	9.84914895e-07	0.147968029	0	0	0	0	3
55	12	0	1.03656052	1.33815057e-06	-9.27591001e-07	-5.84086871e-06	1.33815057e-06	9.84914895e-07	0.147757007	0	0	0	0	3
56	12	0	1.05540707	-2.22782133e-08	-9.27682706e-07	-5.84086871e-06	1.33815057e-06	9.84914895e-07	0.146780772	0	0	0	0	3
57	12	0	1.07425363	-5.11402436e-07	-9.46044005e-07	-5.84086871e-06	1.33815057e-06	9.84914895e-07	0.146631631	0	0	0	0	3
58	12	0	1.09310018	-4.84872938e-07	-9.63347802e-07	-5.84086871e-06	1.33815057e-06	9.84914895e-07	0.143333387	0	0	0	0	3
59	12	0	1.11194674	-2.68680204e-06	-1.06204168e-06	-5.84086871e-06	1.33815057e-06	1.06921084e-06	0.141083526	0	0	0	0	3
60	12	0	1.13079329	1.03828877e-07	-1.05740669e-06	-5.84086871e-06	1.33815057e-06	1.06921084e-06	0.13876011	0	0	0	0	3
61	13	0	1.14963985	-5.0375407e-06	-1.24323863e-06	-5.84086871e-06	1.33815057e-06	1.25040778e-06	0.137803682	0	0	0	0	3
62	13	0	1.1684864	1.06492034e-06	-1.20314097e-06	-5.84086871e-06	1.33815057e-06	1.25040778e-06	0.135948341	0	0	0	0	3
63	13	0	1.18733296	8.74604811e-07	-1.17018952e-06	-5.84086871e-06	1.33815057e-06	1.25040778e-06	0.133661341	0	0	0	0	3
64	13	0	1.20617951	3.6807662e-07	-1.15584175e-06	-5.84086871e-06	1.33815057e-06	1.25040778e-06	0.133321855	0	0	0	0	3
65	13	0	1.22502607	7.15807919e-07	-1.12882381e-06	-5.84086871e-06	1.33815057e-06	1.25040778e-06	0.132179887	0	0	0	0	3
66	13	0	1.24387262	8.20418849e-07	-1.09800327e-06	-5.84086871e-06	1.33815057e-06	1.25040778e-06	0.131776389	0	0	0	0	3
67	14	0	1.26271918	3.00823398e-07	-1.09459585e-06	-5.84086871e-06	1.33815057e-06	1.25040778e-06	0.131024626	0	0	0	0	3
68	14	0	1.28156573	1.17224483e-06	-1.0575239e-06	-5.84086871e-06	1.33815057e-06	1.22032419e-06	0.129305671	0	0	0	0	3
69	14	0	1.30041229	-2.14515319e-07	-1.03547322e-06	-5.84086871e-06	1.33815057e-06	1.20348911e-06	0.129564036	0	0	0	0	3
70	14	0	1.31925884	-2.27896574e-06	-1.10315185e-06	-5.84086871e-06	1.33815057e-06	1.15458222e-06	0.128937445	0	0	0	0	3
71	14	0	1.3381054	-1.94072388e-06	-1.12629347e-06	-5.84086871e-06	1.33815057e-06	1.09687508e-06	0.129537129	0	0	0	0	3
72	14	0	1.35695195	-8.52995751e-06	-1.38473674e-06	-8.52995751e-06	1.33815057e-06	1.17903331e-06	0.129667483	0	0	0	0	3
73	14	0	1.37579851	-1.94341128e-06	-1.3975639e-06	-8.52995751e-06	1.33815057e-06	1.15120643e-06	0.129524467	0	0	0	0	3
74	15	0	1.39464506	-2.30476095e-06	-1.44205885e-06	-8.52995751e-06	1.33815057e-06	1.17667288e-06	0.128668895	0	0	0	0	3
75	15	0	1.41349162	-8.759518e-06	-1.74768129e-06	-8.759518e-06	1.33815057e-06	1.34442464e-06	0.129275858	0	0	0	0	3
76	15	0	1.43233817	-3.16698195e-06	-1.72793204e-06	-8.759518e-06	1.33815057e-06	1.27667389e-06	0.128570686	0	0	0	0	3
77	15	0	1.45118473	-2.00680224e-06	-1.73482337e-06	-8.759518e-06	1.33815057e-06	1.18463503e-06	0.127908955	0	0	0	0	3
78	15	0	1.47003128	-2.08323358e-06	-1.72030359e-06	-8.759518e-06	1.33815057e-06	9.68757315e-07	0.127721407	0	0	0	0	3
79	15	0	1.48887784	-4.15684189e-06	-1.65793222e-06	-8.759518e-06	1.33815057e-06	8.37375232e-07	0.126681423	0	0	0	0	3
80	16	0	1.50772439	-3.29088907e-06	-1.6480367e-06	-8.759518e-06	1.33815057e-06	8.20090294e-07	0.126938565	0	0	0	0	3
81	16	0	1.52657094	-3.592629e-06	-1.71308335e-06	-8.759518e-06	1.33815057e-06	8.20090294e-07	0.125846275	0	0	0	0	3
82	16	0	1.5454175	-5.21407853e-06	-1.9557585e-06	-8.759518e-06	1.17224483e-06	1.0280758e-06	0.124901677	0	0	0	0	3
83	16	0	1.56426405	-4.10119214e-06	-2.10682939e-06	-8.759518e-06	1.17224483e-06	1.16078538e-06	0.125565018	0	0	0	0	3
84	16	0	1.58311061	-4.88522193e-06	-2.2688227e-06	-8.759518e-06	1.17224483e-06	1.3054749e-06	0.125534627	0	0	0	0	3
85	16	0	1.60195716	-1.27575579e-06	-2.29811466e-06	-8.759518e-06	1.17224483e-06	1.26264144e-06	0.125188235	0	0	0	0	3
86	17	0	1.62080372	-2.8645775e-06	-2.30469894e-06	-8.759518e-06	1.17224483e-06	1.26922571e-06	0.124556427	0	0	0	0	3
87	17	0	1.63965027	-5.88149419e-06	-2.52637757e-06	-8.759518e-06	1.17224483e-06	1.49090435e-06	0.124306691	0	0	0	0	3
88	17	0	1.65849683	-2.60188994e-06	-2.43616828e-06	-8.759518e-06	1.17224483e-06	1.49090435e-06	0.124575798	0	0	0	0	3
89	17	0	1.67734338	-4.13638243e-06	-2.62880913e-06	-8.759518e-06	1.17224483e-06	1.5933359e-06	0.123321729	0	0	0	0	3
90	17	0	1.69618994	-2.0165698e-06	-2.73588967e-06	-8.759518e-06	1.17224483e-06	1.70041644e-06	0.12345038	0	0	0	0	3
91	20	0	1.71503649	-5.02054507e-06	-2.93546825e-06	-8.759518e-06	1.17224483e-06	1.89999503e-06	0.122784437	0	0	0	0	3
92	21	0	1.73388305	-2.749104e-06	-3.06379832e-06	-8.759518e-06	1.17224483e-06	2.0283251e-06	0.122669552	0	0	0	0	3
93	21	0	1.7527296	-2.58505477e-06	-3.18992697e-06	-8.759518e-06	1.17224483e-06	2.15445375e-06	0.122583069	0	0	0	0	3
94	21	0	1.77157616	-1.45980841e-06	-3.25513556e-06	-8.759518e-06	1.17224483e-06	2.21966233e-06	0.122420449	0	0	0	0	3
95	21	0	1.79042271	-8.97331175e-06	-3.63089691e-06	-8.97331175e-06	-2.14515319e-07	2.59542369e-06	0.121668744	0	0	0	0	3
96	21	0	1.80926927	-3.61259677e-06	-3.75675178e-06	-8.97331175e-06	-1.27575579e-06	2.65359993e-06	0.122128705	0	0	0	0	3
