Iteration	CPUTime	PhysTime	Travels	Value	AvValue	MinValue	MaxValue	Delta	Criteria	PrevAvRefValue	Progress	CriteriaType	CriteriaVarType	CriteriaPercentage
1	2	0	0.000653987716	293.18891	293.18891	293.18891	293.18891	0	0	0	0	0	0	3
5	3	0	0.00326993858	293.160572	293.174741	293.160572	293.18891	0.0141693639	0	0	0	0	0	3
10	5	0	0.00653987716	293.159795	293.169759	293.159795	293.18891	0.0191514871	0	0	0	0	0	3
15	6	0	0.00980981574	293.158248	293.166881	293.158248	293.18891	0.0220290706	0	0	0	0	0	3
20	7	0	0.0130797543	293.158078	293.165121	293.158078	293.18891	0.0237896548	0	0	0	0	0	3
25	8	0	0.0163496929	293.158778	293.164064	293.158078	293.18891	0.0248466996	0	0	0	0	0	3
30	9	0	0.0196196315	293.158948	293.163333	293.158078	293.18891	0.0255774947	0	0	0	0	0	3
35	10	0	0.0228895701	293.158672	293.16275	293.158078	293.18891	0.0261601231	0	0	0	0	0	3
40	11	0	0.0261595087	293.158615	293.162291	293.158078	293.18891	0.0266195579	0	0	0	0	0	3
45	13	0	0.0294294472	293.159362	293.161998	293.158078	293.18891	0.0269124451	0	0	0	0	0	3
50	14	0	0.0326993858	293.159403	293.161762	293.158078	293.18891	0.027148318	0	0	0	0	0	3
55	15	0	0.0359693244	293.1594	293.161565	293.158078	293.18891	0.0273451736	0	0	0	0	0	3
60	16	0	0.039239263	293.159381	293.161397	293.158078	293.18891	0.027513197	0	0	0	0	0	3
65	18	0	0.0425092016	293.159378	293.161253	293.158078	293.18891	0.0276574084	0	0	0	0	0	3
70	19	0	0.0457791401	293.159408	293.16113	293.158078	293.18891	0.0277804201	0	0	0	0	0	3
75	20	0	0.0490490787	293.159422	293.161023	293.158078	293.18891	0.0278871851	0	0	0	0	0	3
80	21	0	0.0523190173	293.159437	293.16093	293.158078	293.18891	0.0279804681	0	0	0	0	0	3
85	22	0	0.0555889559	293.159496	293.16085	293.158078	293.18891	0.0280601367	0	0	0	0	0	3
90	24	0	0.0588588945	293.159554	293.160782	293.158078	293.18891	0.0281283519	0	0	0	0	0	3
95	25	0	0.062128833	293.159636	293.160725	293.158078	293.18891	0.0281856497	0	0	0	0	0	3
100	26	0	0.0653987716	293.159684	293.160675	293.158078	293.18891	0.0282352148	0	0	0	0	0	3
105	28	0	0.0686687102	293.159669	293.160629	293.158078	293.18891	0.0282809473	0	0	0	0	0	3
110	29	0	0.0719386488	293.159601	293.160585	293.158078	293.18891	0.0283256627	0	0	0	0	0	3
115	30	0	0.0752085874	293.159529	293.160541	293.158078	293.18891	0.0283696358	0	0	0	0	0	3
120	31	0	0.078478526	293.159458	293.160497	293.158078	293.18891	0.0284129564	0	0	0	0	0	3
125	32	0	0.0817484645	293.159461	293.160457	293.158078	293.18891	0.0284528137	0	0	0	0	0	3
130	34	0	0.0850184031	293.159506	293.160422	293.158078	293.18891	0.0284880566	0	0	0	0	0	3
135	35	0	0.0882883417	293.159529	293.16039	293.158078	293.18891	0.0285199599	0	0	0	0	0	3
140	36	0	0.0915582803	293.159574	293.160362	293.158078	293.18891	0.0285481111	0	0	0	0	0	3
145	37	0	0.0948282189	293.159573	293.160336	293.158078	293.18891	0.0285744065	0	0	0	0	0	3
150	39	0	0.0980981574	293.159509	293.160309	293.158078	293.18891	0.0286010736	0	0	0	0	0	3
155	40	0	0.101368096	293.159411	293.160281	293.158078	293.18891	0.0286291303	0	0	0	0	0	3
160	41	0	0.104638035	293.159255	293.16025	293.158078	293.18891	0.0286602146	0	0	0	0	0	3
165	42	0	0.107907973	293.159003	293.160213	293.158078	293.18891	0.0286969036	0	0	0	0	0	3
170	44	0	0.111177912	293.158884	293.160175	293.158078	293.18891	0.0287348795	0	0	0	0	0	3
175	45	0	0.11444785	293.158889	293.16014	293.158078	293.18891	0.0287706089	0	0	0	0	0	3
180	46	0	0.117717789	293.158876	293.160106	293.158078	293.18891	0.0288047544	0	0	0	0	0	3
185	47	0	0.120987728	293.158772	293.16007	293.158078	293.18891	0.0288398552	0	0	0	0	0	3
190	49	0	0.124257666	293.158736	293.160036	293.158078	293.18891	0.0288740824	0	0	0	0	0	3
195	50	0	0.127527605	293.158622	293.160001	293.158078	293.18891	0.0289094277	0	0	0	0	0	3
200	51	0	0.130797543	293.158412	293.159962	293.158078	293.18891	0.0289481851	0	0	0	0	0	3
205	52	0	0.134067482	293.15832	293.159923	293.158078	293.18891	0.0289872948	0	0	0	0	0	3
210	54	0	0.13733742	293.158257	293.159884	293.158078	293.18891	0.0290260329	0	0	0	0	0	3
215	55	0	0.140607359	293.158261	293.159847	293.158078	293.18891	0.0290629254	0	0	0	0	0	3
220	56	0	0.143877298	293.158283	293.159813	293.158078	293.18891	0.0290976877	0	0	0	0	0	3
225	57	0	0.147147236	293.158427	293.159783	293.158078	293.18891	0.0291278068	0	0	0	0	0	3
230	59	0	0.150417175	293.158728	293.15976	293.158078	293.18891	0.0291502507	0	0	0	0	0	3
235	60	0	0.153687113	293.158953	293.159743	293.158078	293.18891	0.0291670588	0	0	0	0	0	3
240	61	0	0.156957052	293.159168	293.159732	293.158078	293.18891	0.0291788017	0	0	0	0	0	3
245	62	0	0.16022699	293.159177	293.15972	293.158078	293.18891	0.0291898995	0	0	0	0	0	3
250	64	0	0.163496929	293.159186	293.15971	293.158078	293.18891	0.0292003875	0	0	0	0	0	3
255	65	0	0.166766868	293.159159	293.159699	293.158078	293.18891	0.0292109815	0	0	0	0	0	3
260	66	0	0.170036806	293.159112	293.159688	293.158078	293.18891	0.0292220578	0	0	0	0	0	3
265	67	0	0.173306745	293.159111	293.159678	293.158078	293.18891	0.0292327443	0	0	0	0	0	3
270	69	0	0.176576683	293.159111	293.159667	293.158078	293.18891	0.0292430404	0	0	0	0	0	3
275	70	0	0.179846622	293.159093	293.159657	293.158078	293.18891	0.0292532977	0	0	0	0	0	3
280	71	0	0.183116561	293.159092	293.159647	293.158078	293.18891	0.0292632034	0	0	0	0	0	3
285	72	0	0.186386499	293.159095	293.159638	293.158078	293.18891	0.0292727298	0	0	0	0	0	3
290	74	0	0.189656438	293.159097	293.159628	293.158078	293.18891	0.0292818994	0	0	0	0	0	3
295	75	0	0.192926376	293.159075	293.159619	293.158078	293.18891	0.0292911151	0	0	0	0	0	3
300	76	0	0.196196315	293.159035	293.15961	293.158078	293.18891	0.0293006985	0	0	0	0	0	3
305	78	0	0.199466253	293.158949	293.159599	293.158078	293.18891	0.0293113473	0	0	0	0	0	3
310	79	0	0.202736192	293.158873	293.159587	293.158078	293.18891	0.0293228631	0	0	0	0	0	3
315	80	0	0.206006131	293.158874	293.159576	293.158078	293.18891	0.0293340076	0	0	0	0	0	3
320	81	0	0.209276069	293.158876	293.159566	293.158078	293.18891	0.0293447778	0	0	0	0	0	3
325	83	0	0.212546008	293.158882	293.159555	293.158078	293.18891	0.0293551363	0	0	0	0	0	3
330	84	0	0.215815946	293.158891	293.159545	293.158078	293.18891	0.0293650518	0	0	0	0	0	3
335	85	0	0.219085885	293.158895	293.159536	293.158078	293.18891	0.0293746169	0	0	0	0	0	3
340	87	0	0.222355824	293.158899	293.159526	293.158078	293.18891	0.0293838424	0	0	0	0	0	3
345	88	0	0.225625762	293.158896	293.159517	293.158078	293.18891	0.0293928518	0	0	0	0	0	3
350	90	0	0.228895701	293.158877	293.159508	293.158078	293.18891	0.029401871	0	0	0	0	0	3
355	91	0	0.232165639	293.158868	293.1595	293.158078	293.18891	0.0294107617	0	0	0	0	0	3
360	93	0	0.235435578	293.158865	293.159491	293.158078	293.18891	0.0294194501	0	0	0	0	0	3
365	94	0	0.238705516	293.158951	293.159484	293.158078	293.18891	0.0294267427	0	0	0	0	0	3
370	96	0	0.241975455	293.159087	293.159478	293.158078	293.18891	0.0294320276	0	0	0	0	0	3
375	97	0	0.245245394	293.159167	293.159474	293.158078	293.18891	0.0294361209	0	0	0	0	0	3
380	99	0	0.248515332	293.1592	293.159471	293.158078	293.18891	0.0294396855	0	0	0	0	0	3
385	100	0	0.251785271	293.159209	293.159467	293.158078	293.18891	0.0294430373	0	0	0	0	0	3
390	102	0	0.255055209	293.159213	293.159464	293.158078	293.18891	0.0294462586	0	0	0	0	0	3
395	103	0	0.258325148	293.159141	293.15946	293.158078	293.18891	0.0294502951	0	0	0	0	0	3
400	105	0	0.261595087	293.158985	293.159454	293.158078	293.18891	0.0294561617	0	0	0	0	0	3
405	106	0	0.264865025	293.158818	293.159446	293.158078	293.18891	0.0294639185	0	0	0	0	0	3
410	108	0	0.268134964	293.158734	293.159438	293.158078	293.18891	0.0294725021	0	0	0	0	0	3
415	109	0	0.271404902	293.158735	293.159429	293.158078	293.18891	0.0294808732	0	0	0	0	0	3
420	111	0	0.274674841	293.158738	293.159421	293.158078	293.18891	0.0294890063	0	0	0	0	0	3
425	112	0	0.277944779	293.15874	293.159413	293.158078	293.18891	0.0294969278	0	0	0	0	0	3
430	114	0	0.281214718	293.158743	293.159406	293.158078	293.18891	0.0295046382	0	0	0	0	0	3
435	115	0	0.284484657	293.15875	293.159398	293.158078	293.18891	0.0295120899	0	0	0	0	0	3
440	116	0	0.287754595	293.158757	293.159391	293.158078	293.18891	0.0295192901	0	0	0	0	0	3
445	118	0	0.291024534	293.158757	293.159384	293.158078	293.18891	0.0295263343	0	0	0	0	0	3
450	119	0	0.294294472	293.158751	293.159377	293.158078	293.18891	0.0295332868	0	0	0	0	0	3
455	120	0	0.297564411	293.158752	293.15937	293.158078	293.18891	0.0295400847	0	0	0	0	0	3
460	121	0	0.30083435	293.158748	293.159364	293.158078	293.18891	0.0295467798	0	0	0	0	0	3
465	123	0	0.304104288	293.158742	293.159357	293.158078	293.18891	0.0295533926	0	0	0	0	0	3
470	124	0	0.307374227	293.158878	293.159352	293.158078	293.18891	0.0295584357	0	0	0	0	0	3
475	125	0	0.310644165	293.159082	293.159349	293.158078	293.18891	0.0295612424	0	0	0	0	0	3
480	126	0	0.313914104	293.159244	293.159348	293.158078	293.18891	0.0295623287	0	0	0	0	0	3
485	128	0	0.317184042	293.15935	293.159348	293.158078	293.18891	0.0295623287	0	0	0	0	0	3
490	129	0	0.320453981	293.159372	293.159348	293.158078	293.18891	0.0295623287	0	0	0	0	0	3
495	130	0	0.32372392	293.159383	293.159349	293.158078	293.18891	0.0295623287	0	0	0	0	0	3
500	131	0	0.326993858	293.159383	293.159349	293.158078	293.18891	0.0295623287	0	0	0	0	0	3
505	133	0	0.330263797	293.159232	293.159348	293.158078	293.18891	0.0295625222	0	0	0	0	0	3
510	134	0	0.333533735	293.159022	293.159345	293.158078	293.18891	0.0295656818	0	0	0	0	0	3
515	135	0	0.336803674	293.158849	293.15934	293.158078	293.18891	0.0295704466	0	0	0	0	0	3
520	137	0	0.340073612	293.158795	293.159335	293.158078	293.18891	0.0295756355	0	0	0	0	0	3
525	138	0	0.343343551	293.158792	293.15933	293.158078	293.18891	0.0295807551	0	0	0	0	0	3
530	139	0	0.34661349	293.158795	293.159325	293.158078	293.18891	0.0295857502	0	0	0	0	0	3
535	140	0	0.349883428	293.158798	293.15932	293.158078	293.18891	0.0295906239	0	0	0	0	0	3
540	142	0	0.353153367	293.1588	293.159315	293.158078	293.18891	0.0295953892	0	0	0	0	0	3
545	143	0	0.356423305	293.158803	293.15931	293.158078	293.18891	0.0296000406	0	0	0	0	0	3
550	144	0	0.359693244	293.158812	293.159306	293.158078	293.18891	0.0296045259	0	0	0	0	0	3
555	145	0	0.362963183	293.158817	293.159301	293.158078	293.18891	0.0296088884	0	0	0	0	0	3
560	147	0	0.366233121	293.158815	293.159297	293.158078	293.18891	0.0296131918	0	0	0	0	0	3
565	148	0	0.36950306	293.158809	293.159293	293.158078	293.18891	0.029617475	0	0	0	0	0	3
570	149	0	0.372772998	293.158811	293.159289	293.158078	293.18891	0.0296216674	0	0	0	0	0	3
575	151	0	0.376042937	293.158805	293.159284	293.158078	293.18891	0.029625834	0	0	0	0	0	3
580	152	0	0.379312875	293.158801	293.15928	293.158078	293.18891	0.0296299692	0	0	0	0	0	3
585	154	0	0.382582814	293.158856	293.159277	293.158078	293.18891	0.0296335676	0	0	0	0	0	3
590	155	0	0.385852753	293.159078	293.159275	293.158078	293.18891	0.0296352379	0	0	0	0	0	3
595	157	0	0.389122691	293.159209	293.159275	293.158078	293.18891	0.029635788	0	0	0	0	0	3
600	158	0	0.39239263	293.159347	293.159275	293.158078	293.18891	0.029635788	0	0	0	0	0	3
605	160	0	0.395662568	293.159349	293.159276	293.158078	293.18891	0.029635788	0	0	0	0	0	3
610	161	0	0.398932507	293.159357	293.159276	293.158078	293.18891	0.029635788	0	0	0	0	0	3
615	163	0	0.402202446	293.159352	293.159277	293.158078	293.18891	0.029635788	0	0	0	0	0	3
620	164	0	0.405472384	293.159255	293.159277	293.158078	293.18891	0.029635788	0	0	0	0	0	3
625	166	0	0.408742323	293.158995	293.159275	293.158078	293.18891	0.029635788	0	0	0	0	0	3
630	167	0	0.412012261	293.158822	293.159271	293.158078	293.18891	0.0296392864	0	0	0	0	0	3
635	169	0	0.4152822	293.158758	293.159267	293.158078	293.18891	0.0296432978	0	0	0	0	0	3
640	170	0	0.418552138	293.158705	293.159263	293.158078	293.18891	0.0296476507	0	0	0	0	0	3
645	171	0	0.421822077	293.15868	293.159258	293.158078	293.18891	0.029652136	0	0	0	0	0	3
650	173	0	0.425092016	293.158616	293.159253	293.158078	293.18891	0.0296570369	0	0	0	0	0	3
655	174	0	0.428361954	293.158599	293.159248	293.158078	293.18891	0.0296619936	0	0	0	0	0	3
660	176	0	0.431631893	293.1586	293.159243	293.158078	293.18891	0.0296668708	0	0	0	0	0	3
665	177	0	0.434901831	293.158577	293.159238	293.158078	293.18891	0.0296718413	0	0	0	0	0	3
670	179	0	0.43817177	293.158574	293.159234	293.158078	293.18891	0.0296767615	0	0	0	0	0	3
675	180	0	0.441441709	293.158574	293.159229	293.158078	293.18891	0.0296816082	0	0	0	0	0	3
680	181	0	0.444711647	293.158566	293.159224	293.158078	293.18891	0.0296864427	0	0	0	0	0	3
685	183	0	0.447981586	293.158566	293.159219	293.158078	293.18891	0.0296912082	0	0	0	0	0	3
690	184	0	0.451251524	293.158568	293.159214	293.158078	293.18891	0.0296958954	0	0	0	0	0	3
695	186	0	0.454521463	293.15857	293.15921	293.158078	293.18891	0.0297005017	0	0	0	0	0	3
700	187	0	0.457791401	293.158572	293.159205	293.158078	293.18891	0.0297050243	0	0	0	0	0	3
705	188	0	0.46106134	293.158576	293.159201	293.158078	293.18891	0.0297094569	0	0	0	0	0	3
710	190	0	0.464331279	293.158578	293.159196	293.158078	293.18891	0.0297138091	0	0	0	0	0	3
715	191	0	0.467601217	293.158582	293.159192	293.158078	293.18891	0.0297180753	0	0	0	0	0	3
720	192	0	0.470871156	293.158588	293.159188	293.158078	293.18891	0.0297222437	0	0	0	0	0	3
725	193	0	0.474141094	293.158591	293.159184	293.158078	293.18891	0.029726335	0	0	0	0	0	3
730	195	0	0.477411033	293.158588	293.15918	293.158078	293.18891	0.0297303915	0	0	0	0	0	3
735	196	0	0.480680971	293.15858	293.159176	293.158078	293.18891	0.0297344433	0	0	0	0	0	3
740	197	0	0.48395091	293.158579	293.159172	293.158078	293.18891	0.0297384461	0	0	0	0	0	3
745	198	0	0.487220849	293.15858	293.159168	293.158078	293.18891	0.0297423902	0	0	0	0	0	3
750	199	0	0.490490787	293.158845	293.159166	293.158078	293.18891	0.0297445295	0	0	0	0	0	3
755	201	0	0.493760726	293.159025	293.159165	293.158078	293.18891	0.0297454561	0	0	0	0	0	3
760	202	0	0.497030664	293.159276	293.159166	293.158078	293.18891	0.0297454561	0	0	0	0	0	3
765	203	0	0.500300603	293.159349	293.159167	293.158078	293.18891	0.0297454561	0	0	0	0	0	3
770	205	0	0.503570542	293.159394	293.158965	293.158078	293.159795	0.00171625822	0	0	0	0	0	3
775	206	0	0.50684048	293.159397	293.158962	293.158078	293.159684	0.00160547422	0	0	0	0	0	3
780	207	0	0.510110419	293.159406	293.15897	293.158078	293.159684	0.00160547422	0	0	0	0	0	3
785	208	0	0.513380357	293.159411	293.158978	293.158257	293.159684	0.00142651605	0	0	0	0	0	3
790	210	0	0.516650296	293.159355	293.158982	293.158257	293.159684	0.00142651605	0	0	0	0	0	3
795	211	0	0.519920234	293.159158	293.158983	293.158257	293.159684	0.00142651605	0	0	0	0	0	3
800	212	0	0.523190173	293.15905	293.158986	293.158257	293.159684	0.00142651605	0	0	0	0	0	3
805	213	0	0.526460112	293.158935	293.158988	293.158257	293.159684	0.00142651605	0	0	0	0	0	3
810	215	0	0.52973005	293.158793	293.158984	293.158257	293.159684	0.00142651605	0	0	0	0	0	3
815	216	0	0.532999989	293.158651	293.158979	293.158257	293.159684	0.00142651605	0	0	0	0	0	3
820	218	0	0.536269927	293.158635	293.158974	293.158257	293.159684	0.00142651605	0	0	0	0	0	3
825	219	0	0.539539866	293.158642	293.15897	293.158257	293.159684	0.00142651605	0	0	0	0	0	3
830	221	0	0.542809805	293.158654	293.158965	293.158257	293.159684	0.00142651605	0	0	0	0	0	3
835	222	0	0.546079743	293.158723	293.15896	293.158257	293.159684	0.00142651605	0	0	0	0	0	3
840	224	0	0.549349682	293.159001	293.158958	293.158257	293.159684	0.00142651605	0	0	0	0	0	3
845	225	0	0.55261962	293.159277	293.158957	293.158257	293.159684	0.00142651605	0	0	0	0	0	3
850	227	0	0.555889559	293.159318	293.158955	293.158257	293.159684	0.00142651605	0	0	0	0	0	3
855	228	0	0.559159497	293.159326	293.158954	293.158257	293.159684	0.00142651605	0	0	0	0	0	3
860	230	0	0.562429436	293.159339	293.158952	293.158257	293.159684	0.00142651605	0	0	0	0	0	3
865	231	0	0.565699375	293.159346	293.15895	293.158257	293.159669	0.00141170433	0	0	0	0	0	3
870	232	0	0.568969313	293.159236	293.158947	293.158257	293.159601	0.00134363093	0	0	0	0	0	3
875	234	0	0.572239252	293.159185	293.158944	293.158257	293.159574	0.00131668711	0	0	0	0	0	3
880	235	0	0.57550919	293.159099	293.158941	293.158257	293.159574	0.00131668711	0	0	0	0	0	3
885	237	0	0.578779129	293.159001	293.158938	293.158257	293.159574	0.00131668711	0	0	0	0	0	3
890	238	0	0.582049068	293.158934	293.158935	293.158257	293.159574	0.00131668711	0	0	0	0	0	3
895	240	0	0.585319006	293.15893	293.158931	293.158257	293.159574	0.00131668711	0	0	0	0	0	3
900	241	0	0.588588945	293.158935	293.158927	293.158257	293.159574	0.00131668711	0	0	0	0	0	3
905	243	0	0.591858883	293.158946	293.158923	293.158257	293.159573	0.00131606089	0	0	0	0	0	3
910	245	0	0.595128822	293.159094	293.15892	293.158257	293.159509	0.00125194829	0	0	0	0	0	3
915	246	0	0.59839876	293.159286	293.158919	293.158257	293.159411	0.0011542083	0	0	0	0	0	3
920	248	0	0.601668699	293.159295	293.158918	293.158257	293.159411	0.0011542083	0	0	0	0	0	3
925	249	0	0.604938638	293.159307	293.158918	293.158257	293.159411	0.0011542083	0	0	0	0	0	3
930	251	0	0.608208576	293.159313	293.15892	293.158257	293.159411	0.0011542083	0	0	0	0	0	3
935	252	0	0.611478515	293.159211	293.158922	293.158257	293.159411	0.0011542083	0	0	0	0	0	3
940	253	0	0.614748453	293.159147	293.158924	293.158257	293.159411	0.0011542083	0	0	0	0	0	3
945	255	0	0.618018392	293.159096	293.158925	293.158257	293.159411	0.00115257726	0	0	0	0	0	3
950	256	0	0.62128833	293.159052	293.158927	293.158257	293.159411	0.00111835003	0	0	0	0	0	3
955	258	0	0.624558269	293.159047	293.158929	293.158257	293.159411	0.00108300472	0	0	0	0	0	3
960	259	0	0.627828208	293.159051	293.158932	293.158257	293.159411	0.00104424732	0	0	0	0	0	3
965	260	0	0.631098146	293.159058	293.158936	293.158257	293.159411	0.00100513761	0	0	0	0	0	3
970	262	0	0.634368085	293.159119	293.158942	293.158257	293.159411	0.000966399498	0	0	0	0	0	3
975	263	0	0.637638023	293.159191	293.158948	293.158261	293.159411	0.00092950702	0	0	0	0	0	3
980	264	0	0.640907962	293.159202	293.158954	293.158283	293.159411	0.000894744752	0	0	0	0	0	3
985	265	0	0.644177901	293.15921	293.15896	293.158427	293.159411	0.000864625657	0	0	0	0	0	3
990	267	0	0.647447839	293.159212	293.158965	293.158566	293.159411	0.000842181736	0	0	0	0	0	3
995	268	0	0.650717778	293.159175	293.158968	293.158566	293.159411	0.000825373609	0	0	0	0	0	3
1000	269	0	0.653987716	293.159158	293.158969	293.158566	293.159411	0.000813630765	0	0	0	0	0	3
1005	271	0	0.657257655	293.159119	293.158969	293.158566	293.159411	0.000802532873	0	0	0	0	0	3
1010	272	0	0.660527593	293.159111	293.158969	293.158566	293.159411	0.000792044944	0	0	0	0	0	3
1015	273	0	0.663797532	293.159111	293.158968	293.158566	293.159411	0.000781450925	0	0	0	0	0	3
1020	274	0	0.667067471	293.159117	293.158968	293.158566	293.159411	0.000770374579	0	0	0	0	0	3
1025	276	0	0.670337409	293.159114	293.158968	293.158566	293.159411	0.000759688105	0	0	0	0	0	3
1030	277	0	0.673607348	293.159133	293.158968	293.158566	293.159411	0.000749392053	0	0	0	0	0	3
1035	278	0	0.676877286	293.159143	293.158968	293.158566	293.159411	0.000739134715	0	0	0	0	0	3
1040	279	0	0.680147225	293.159153	293.158969	293.158566	293.159411	0.00072922907	0	0	0	0	0	3
1045	281	0	0.683417164	293.159153	293.158969	293.158566	293.159411	0.000719702628	0	0	0	0	0	3
1050	282	0	0.686687102	293.159149	293.158969	293.158566	293.159411	0.000710533058	0	0	0	0	0	3
1055	283	0	0.689957041	293.159139	293.15897	293.158566	293.159411	0.000701317332	0	0	0	0	0	3
1060	285	0	0.693226979	293.159129	293.15897	293.158566	293.159411	0.000691733953	0	0	0	0	0	3
1065	286	0	0.696496918	293.159123	293.158971	293.158566	293.159411	0.000681085086	0	0	0	0	0	3
1070	288	0	0.699766856	293.159124	293.158972	293.158566	293.159411	0.00066956928	0	0	0	0	0	3
1075	289	0	0.703036795	293.159128	293.158973	293.158566	293.159411	0.000658424842	0	0	0	0	0	3
1080	291	0	0.706306734	293.159126	293.158975	293.158566	293.159411	0.000647654637	0	0	0	0	0	3
1085	292	0	0.709576672	293.15913	293.158977	293.158566	293.159411	0.000637296169	0	0	0	0	0	3
1090	294	0	0.712846611	293.159145	293.158978	293.158566	293.159411	0.00062738063	0	0	0	0	0	3
1095	295	0	0.716116549	293.159151	293.15898	293.158566	293.159411	0.000617815518	0	0	0	0	0	3
1100	296	0	0.719386488	293.159149	293.158982	293.158566	293.159411	0.000608590056	0	0	0	0	0	3
1105	298	0	0.722656427	293.159143	293.158983	293.158566	293.159411	0.000599580669	0	0	0	0	0	3
1110	300	0	0.725926365	293.159137	293.158985	293.158566	293.159411	0.000590561407	0	0	0	0	0	3
1115	301	0	0.729196304	293.15913	293.158987	293.158566	293.159411	0.000581670749	0	0	0	0	0	3
1120	303	0	0.732466242	293.159126	293.158988	293.158566	293.159411	0.000572982342	0	0	0	0	0	3
1125	304	0	0.735736181	293.159128	293.15899	293.158566	293.159411	0.000565689715	0	0	0	0	0	3
1130	306	0	0.739006119	293.15913	293.158991	293.158566	293.159411	0.00056040483	0	0	0	0	0	3
1135	307	0	0.742276058	293.159141	293.158991	293.158566	293.159411	0.000556311544	0	0	0	0	0	3
1140	309	0	0.745545997	293.159147	293.158991	293.158566	293.159411	0.000552746933	0	0	0	0	0	3
1145	310	0	0.748815935	293.159162	293.158991	293.158566	293.159411	0.000549395158	0	0	0	0	0	3
1150	312	0	0.752085874	293.159164	293.158991	293.158566	293.159411	0.000546173803	0	0	0	0	0	3
1155	313	0	0.755355812	293.159161	293.15899	293.158566	293.159411	0.000542137319	0	0	0	0	0	3
1160	315	0	0.758625751	293.159155	293.158991	293.158566	293.159411	0.00053627068	0	0	0	0	0	3
1165	316	0	0.76189569	293.159148	293.158992	293.158566	293.159411	0.000528513895	0	0	0	0	0	3
1170	318	0	0.765165628	293.159143	293.158994	293.158566	293.159411	0.00051993035	0	0	0	0	0	3
1175	319	0	0.768435567	293.159141	293.158996	293.158566	293.159411	0.000511559268	0	0	0	0	0	3
1180	321	0	0.771705505	293.159144	293.158999	293.158566	293.159411	0.000503426154	0	0	0	0	0	3
1185	322	0	0.774975444	293.159141	293.159002	293.158566	293.159411	0.000495504666	0	0	0	0	0	3
1190	324	0	0.778245382	293.15915	293.159004	293.158566	293.159411	0.000487794209	0	0	0	0	0	3
1195	325	0	0.781515321	293.159164	293.159007	293.158566	293.159411	0.00048034257	0	0	0	0	0	3
1200	327	0	0.78478526	293.15917	293.15901	293.158566	293.159411	0.000473142352	0	0	0	0	0	3
1205	328	0	0.788055198	293.159168	293.159013	293.158566	293.159411	0.00046609808	0	0	0	0	0	3
1210	330	0	0.791325137	293.159162	293.159015	293.158566	293.159411	0.000459145585	0	0	0	0	0	3
1215	331	0	0.794595075	293.159156	293.159018	293.158566	293.159411	0.000452347746	0	0	0	0	0	3
1220	333	0	0.797865014	293.15915	293.15902	293.158566	293.159411	0.000445652623	0	0	0	0	0	3
1225	334	0	0.801134952	293.159145	293.159023	293.158566	293.159411	0.000439039859	0	0	0	0	0	3
1230	336	0	0.804404891	293.159146	293.159026	293.158566	293.159411	0.000433996685	0	0	0	0	0	3
1235	337	0	0.80767483	293.159149	293.159027	293.158566	293.159411	0.000431190042	0	0	0	0	0	3
1240	338	0	0.810944768	293.159151	293.159028	293.158566	293.159411	0.000431054978	0	0	0	0	0	3
1245	339	0	0.814214707	293.159155	293.159027	293.158566	293.159411	0.000431054978	0	0	0	0	0	3
1250	341	0	0.817484645	293.159171	293.159026	293.158566	293.159411	0.000431054978	0	0	0	0	0	3
1255	342	0	0.820754584	293.159175	293.159025	293.158566	293.159411	0.000431054978	0	0	0	0	0	3
1260	343	0	0.824024523	293.159172	293.159024	293.158566	293.159411	0.000431054978	0	0	0	0	0	3
1265	344	0	0.827294461	293.159165	293.159022	293.158566	293.159411	0.000429910243	0	0	0	0	0	3
1270	346	0	0.8305644	293.159156	293.159022	293.158566	293.159411	0.000426750649	0	0	0	0	0	3
1275	347	0	0.833834338	293.159147	293.159022	293.158566	293.159411	0.000421985814	0	0	0	0	0	3
1280	348	0	0.837104277	293.159144	293.159024	293.158566	293.159411	0.000416796888	0	0	0	0	0	3
1285	349	0	0.840374215	293.159144	293.159027	293.158566	293.159411	0.000411677328	0	0	0	0	0	3
1290	351	0	0.843644154	293.159148	293.159029	293.158566	293.159411	0.000406682255	0	0	0	0	0	3
1295	352	0	0.846914093	293.159147	293.159031	293.158566	293.159411	0.000401808557	0	0	0	0	0	3
1300	353	0	0.850184031	293.159153	293.159034	293.158566	293.159411	0.000397043268	0	0	0	0	0	3
1305	355	0	0.85345397	293.159169	293.159036	293.158566	293.159411	0.000392391846	0	0	0	0	0	3
1310	356	0	0.856723908	293.159173	293.159038	293.158566	293.159411	0.000387906506	0	0	0	0	0	3
1315	357	0	0.859993847	293.15917	293.159041	293.158566	293.159411	0.000383543975	0	0	0	0	0	3
1320	359	0	0.863263786	293.159164	293.159043	293.158566	293.159411	0.000379240668	0	0	0	0	0	3
1325	360	0	0.866533724	293.159157	293.159045	293.158566	293.159411	0.000374957441	0	0	0	0	0	3
1330	361	0	0.869803663	293.159148	293.159047	293.158566	293.159411	0.000370765045	0	0	0	0	0	3
1335	363	0	0.873073601	293.159143	293.15905	293.158566	293.159411	0.000366598408	0	0	0	0	0	3
1340	364	0	0.87634354	293.159144	293.159052	293.158566	293.159411	0.000362463222	0	0	0	0	0	3
1345	366	0	0.879613478	293.159147	293.159054	293.158566	293.159411	0.000359125331	0	0	0	0	0	3
1350	367	0	0.882883417	293.159148	293.159056	293.158566	293.159411	0.000359125331	0	0	0	0	0	3
1355	369	0	0.886153356	293.159153	293.159056	293.158566	293.159411	0.000359125331	0	0	0	0	0	3
1360	370	0	0.889423294	293.159168	293.159056	293.158566	293.159411	0.000359125331	0	0	0	0	0	3
1365	372	0	0.892693233	293.159172	293.159055	293.158566	293.159411	0.000359125331	0	0	0	0	0	3
1370	373	0	0.895963171	293.15917	293.159054	293.158566	293.159411	0.000359125331	0	0	0	0	0	3
1375	375	0	0.89923311	293.159163	293.159053	293.158566	293.159411	0.000359125331	0	0	0	0	0	3
1380	376	0	0.902503049	293.159157	293.159051	293.158566	293.159411	0.000358949312	0	0	0	0	0	3
1385	378	0	0.905772987	293.15915	293.159051	293.158566	293.159411	0.000356713339	0	0	0	0	0	3
1390	379	0	0.909042926	293.159147	293.159052	293.158566	293.159411	0.000353146039	0	0	0	0	0	3
1395	381	0	0.912312864	293.159147	293.159054	293.158566	293.159411	0.000349134628	0	0	0	0	0	3
1400	382	0	0.915582803	293.15915	293.159056	293.158566	293.159411	0.000344781748	0	0	0	0	0	3
1405	384	0	0.918852741	293.159148	293.159059	293.158566	293.159411	0.000340296386	0	0	0	0	0	3
1410	385	0	0.92212268	293.159153	293.159062	293.158566	293.159411	0.000335395515	0	0	0	0	0	3
1415	387	0	0.925392619	293.159169	293.159066	293.158566	293.159411	0.000330438828	0	0	0	0	0	3
1420	388	0	0.928662557	293.159173	293.15907	293.158566	293.159411	0.000325561624	0	0	0	0	0	3
1425	390	0	0.931932496	293.159171	293.159073	293.158566	293.159411	0.000320591122	0	0	0	0	0	3
1430	391	0	0.935202434	293.159164	293.159077	293.158566	293.159411	0.00031567089	0	0	0	0	0	3
1435	393	0	0.938472373	293.159157	293.159081	293.158566	293.159411	0.000310824253	0	0	0	0	0	3
1440	394	0	0.941742311	293.159135	293.159085	293.158566	293.159411	0.00030598975	0	0	0	0	0	3
1445	396	0	0.94501225	293.15913	293.159088	293.158566	293.159411	0.000301224223	0	0	0	0	0	3
1450	397	0	0.948282189	293.159131	293.159092	293.158568	293.159411	0.000296537032	0	0	0	0	0	3
1455	399	0	0.951552127	293.159135	293.159096	293.15857	293.159411	0.000291930719	0	0	0	0	0	3
1460	401	0	0.954822066	293.159141	293.1591	293.158572	293.159411	0.000287408125	0	0	0	0	0	3
1465	402	0	0.958092004	293.159145	293.159103	293.158576	293.159411	0.0002829755	0	0	0	0	0	3
1470	404	0	0.961361943	293.159159	293.159107	293.158578	293.159411	0.000278623351	0	0	0	0	0	3
1475	405	0	0.964631882	293.159165	293.159111	293.158579	293.159411	0.000274357132	0	0	0	0	0	3
1480	407	0	0.96790182	293.159164	293.159115	293.158579	293.159411	0.0002701887	0	0	0	0	0	3
1485	408	0	0.971171759	293.159157	293.159118	293.158579	293.159411	0.000266097387	0	0	0	0	0	3
1490	410	0	0.974441697	293.159151	293.159122	293.158579	293.159411	0.00026204088	0	0	0	0	0	3
1495	411	0	0.977711636	293.159141	293.159126	293.158579	293.159411	0.000257989093	0	0	0	0	0	3
1500	413	0	0.980981574	293.159136	293.159129	293.158579	293.159411	0.000253986351	0	0	0	0	0	3
1505	415	0	0.984251513	293.159137	293.159133	293.15858	293.159411	0.000250042267	0	0	0	0	0	3
1510	416	0	0.987521452	293.15914	293.159137	293.158635	293.159411	0.000248891344	0	0	0	0	0	3
1515	418	0	0.99079139	293.159138	293.159139	293.158635	293.159411	0.000248891344	0	0	0	0	0	3
1520	419	0	0.994061329	293.159145	293.159139	293.158635	293.159411	0.000248891344	0	0	0	0	0	3
1525	420	0	0.997331267	293.15916	293.159139	293.158635	293.159411	0.000248891344	0	0	0	0	0	3
1530	421	0	1.00060121	293.159165	293.159137	293.158635	293.159411	0.000221535297	7.47979144e-05	0	33.7	0	0	3
1535	423	0	1.00387114	293.159163	293.159136	293.158635	293.159411	0.000221535297	7.47979144e-05	0	33.7	0	0	3
1540	424	0	1.00714108	293.159157	293.159134	293.158635	293.159411	0.000221535297	7.47979144e-05	0	33.7	0	0	3
1545	425	0	1.01041102	293.159151	293.159133	293.158635	293.159411	0.000221535297	7.47979144e-05	0	33.7	0	0	3
1550	426	0	1.01368096	293.159141	293.159131	293.158635	293.159355	0.000221535297	7.47979144e-05	0	33.7	0	0	3
1555	428	0	1.0169509	293.159136	293.15913	293.158635	293.159346	0.000221535297	7.47979144e-05	0	33.7	0	0	3
1560	429	0	1.02022084	293.159137	293.159129	293.158635	293.159346	0.000221535297	7.47979144e-05	0	33.7	0	0	3
1565	430	0	1.02349078	293.159139	293.15913	293.158635	293.159346	0.000221535297	7.47979144e-05	0	33.7	0	0	3
1570	431	0	1.02676071	293.15914	293.159131	293.158635	293.159346	0.000221535297	7.47979144e-05	0	33.7	0	0	3
1575	433	0	1.03003065	293.159144	293.159134	293.158635	293.159346	0.000221535297	7.47979144e-05	0	33.7	0	0	3
1580	434	0	1.03330059	293.15916	293.159137	293.158635	293.159346	0.000221535297	7.47979144e-05	0	33.7	0	0	3
1585	435	0	1.03657053	293.159164	293.15914	293.158642	293.159346	0.000222501508	7.47979144e-05	0	33.6	0	0	3
1590	437	0	1.03984047	293.15916	293.159144	293.158654	293.159346	0.000225885203	7.47979144e-05	0	33.1	0	0	3
1595	438	0	1.04311041	293.159153	293.159147	293.158723	293.159346	0.000229142856	7.47979144e-05	0	32.6	0	0	3
1600	439	0	1.04638035	293.159148	293.15915	293.15893	293.159346	0.000231920132	7.47979144e-05	0	32.2	0	0	3
1605	441	0	1.04965028	293.159143	293.159151	293.15893	293.159346	0.000232847922	7.47979144e-05	0	32.1	0	0	3
1610	442	0	1.05292022	293.15914	293.15915	293.15893	293.159346	0.000232847922	7.47979144e-05	0	32.1	0	0	3
1615	443	0	1.05619016	293.159141	293.159149	293.15893	293.159346	0.000232847922	7.47979144e-05	0	32.1	0	0	3
1620	445	0	1.0594601	293.15914	293.159147	293.15893	293.159346	0.000232847922	7.47979144e-05	0	32.1	0	0	3
1625	447	0	1.06273004	293.159145	293.159146	293.15893	293.159346	0.000232847922	7.47979144e-05	0	32.1	0	0	3
1630	448	0	1.06599998	293.159156	293.159145	293.15893	293.159313	0.000232847922	7.47979144e-05	0	32.1	0	0	3
1635	450	0	1.06926992	293.159165	293.159144	293.15893	293.159313	0.000232847922	7.47979144e-05	0	32.1	0	0	3
1640	451	0	1.07253985	293.159164	293.159144	293.15893	293.159313	0.000232847922	7.47979144e-05	0	32.1	0	0	3
1645	452	0	1.07580979	293.159159	293.159145	293.15893	293.159313	0.000232847922	7.47979144e-05	0	32.1	0	0	3
1650	454	0	1.07907973	293.159152	293.159146	293.15893	293.159313	0.000232847922	7.47979144e-05	0	32.1	0	0	3
1655	455	0	1.08234967	293.159146	293.159147	293.15893	293.159313	0.000232847922	7.47979144e-05	0	32.1	0	0	3
1660	457	0	1.08561961	293.159141	293.159149	293.158935	293.159313	0.000232847922	7.47979144e-05	0	32.1	0	0	3
1665	458	0	1.08888955	293.15914	293.15915	293.158946	293.159313	0.000232847922	7.47979144e-05	0	32.1	0	0	3
1670	460	0	1.09215949	293.159143	293.159151	293.159047	293.159313	0.000233262805	7.47979144e-05	0	32	0	0	3
1675	461	0	1.09542942	293.159141	293.159151	293.159047	293.159313	0.000233568241	7.47979144e-05	0	32	0	0	3
1680	463	0	1.09869936	293.159145	293.159151	293.159047	293.159313	0.000233568241	7.47979144e-05	0	32	0	0	3
1685	464	0	1.1019693	293.159158	293.15915	293.159047	293.159313	0.000233234029	7.47979144e-05	0	32	0	0	3
1690	466	0	1.10523924	293.159166	293.159149	293.159047	293.159313	0.000231206791	7.47979144e-05	0	32.3	0	0	3
1695	467	0	1.10850918	293.159163	293.159148	293.159047	293.159212	0.00016454822	7.47979144e-05	0	45.4	0	0	3
1700	469	0	1.11177912	293.159158	293.159147	293.159047	293.159212	0.00016454822	7.47979144e-05	0	45.4	0	0	3
1705	471	0	1.11504906	293.159151	293.159147	293.159047	293.159212	0.00016454822	7.47979144e-05	0	45.4	0	0	3
1710	472	0	1.11831899	293.159145	293.159148	293.159047	293.159212	0.00016454822	7.47979144e-05	0	45.4	0	0	3
1715	474	0	1.12158893	293.15914	293.159148	293.159047	293.159212	0.00016454822	7.47979144e-05	0	45.4	0	0	3
1720	475	0	1.12485887	293.15914	293.159149	293.159051	293.159212	0.000160520116	7.47979144e-05	0	46.5	0	0	3
1725	477	0	1.12812881	293.159143	293.15915	293.159058	293.159212	0.000153661039	7.47979144e-05	0	48.6	0	0	3
1730	478	0	1.13139875	293.159142	293.15915	293.159111	293.159212	0.000100136655	7.47979144e-05	0	74.6	0	0	3
1735	480	0	1.13466869	293.159146	293.15915	293.159111	293.159212	0.000100136655	7.47979144e-05	0	74.6	0	0	3
1740	481	0	1.13793863	293.159162	293.15915	293.159111	293.159212	0.000100136655	7.47979144e-05	0	74.6	0	0	3
1745	483	0	1.14120856	293.159166	293.15915	293.159111	293.159212	0.000100136655	7.47979144e-05	0	74.6	0	0	3
1750	484	0	1.1444785	293.159163	293.15915	293.159111	293.159212	0.000100136655	7.47979144e-05	0	74.6	0	0	3
1755	485	0	1.14774844	293.159154	293.159149	293.159111	293.159175	6.36292039e-05	7.47979144e-05	0	100	0	0	3
1760	487	0	1.15101838	293.159144	293.159149	293.159111	293.159175	6.36292039e-05	7.47979144e-05	0	100	0	0	3
1765	488	0	1.15428832	293.159137	293.159149	293.159111	293.159175	6.36292039e-05	7.47979144e-05	0	100	0	0	3
1770	490	0	1.15755826	293.159133	293.159149	293.159111	293.159175	6.36292039e-05	7.47979144e-05	0	100	0	0	3
1775	491	0	1.1608282	293.159134	293.159149	293.159111	293.159175	6.3587409e-05	7.47979144e-05	0	100	0	0	3
1780	493	0	1.16409814	293.159137	293.159149	293.159114	293.159175	6.07407613e-05	7.47979144e-05	0	100	0	0	3
1785	494	0	1.16736807	293.159138	293.159149	293.159114	293.159175	6.07407613e-05	7.47979144e-05	0	100	0	0	3
1790	496	0	1.17063801	293.159145	293.15915	293.159123	293.159175	5.20194375e-05	7.47979144e-05	0	100	0	0	3
1795	497	0	1.17390795	293.15916	293.15915	293.159123	293.159175	5.20194375e-05	7.47979144e-05	0	100	0	0	3
1800	499	0	1.17717789	293.159165	293.15915	293.159123	293.159175	5.20194375e-05	7.47979144e-05	0	100	0	0	3
1805	501	0	1.18044783	293.159162	293.15915	293.159123	293.159175	5.20194375e-05	7.47979144e-05	0	100	0	0	3
1810	502	0	1.18371777	293.159155	293.15915	293.159123	293.159175	5.20194375e-05	7.47979144e-05	0	100	0	0	3
1815	504	0	1.18698771	293.159136	293.15915	293.159123	293.159175	5.20194375e-05	7.47979144e-05	0	100	0	0	3
1820	505	0	1.19025764	293.159113	293.15915	293.159113	293.159175	6.22826221e-05	7.47979144e-05	0	100	0	0	3
1825	506	0	1.19352758	293.159108	293.15915	293.159108	293.159175	6.67235912e-05	7.47979144e-05	0	100	0	0	3
1830	507	0	1.19679752	293.15911	293.159149	293.159108	293.159175	6.67235912e-05	7.47979144e-05	0	100	0	0	3
1835	509	0	1.20006746	293.159114	293.159149	293.159108	293.159175	6.67235912e-05	7.47979144e-05	0	100	0	0	3
1840	510	0	1.2033374	293.159119	293.159149	293.159108	293.159175	6.67235912e-05	7.47979144e-05	0	100	0	0	3
1845	511	0	1.20660734	293.159127	293.159149	293.159108	293.159175	6.67235912e-05	7.47979144e-05	0	100	0	0	3
1850	512	0	1.20987728	293.15914	293.159149	293.159108	293.159175	6.67235912e-05	7.47979144e-05	0	100	0	0	3
1855	514	0	1.21314721	293.159147	293.159149	293.159108	293.159175	6.67235912e-05	7.47979144e-05	0	100	0	0	3
1860	515	0	1.21641715	293.159145	293.159149	293.159108	293.159175	6.67235912e-05	7.47979144e-05	0	100	0	0	3
1865	516	0	1.21968709	293.159139	293.159149	293.159108	293.159175	6.67235912e-05	7.47979144e-05	0	100	0	0	3
1870	517	0	1.22295703	293.159132	293.159149	293.159108	293.159175	6.67235912e-05	7.47979144e-05	0	100	0	0	3
1875	519	0	1.22622697	293.159121	293.159149	293.159108	293.159175	6.67235912e-05	7.47979144e-05	0	100	0	0	3
1880	520	0	1.22949691	293.159116	293.159149	293.159108	293.159175	6.67235912e-05	7.47979144e-05	0	100	0	0	3
1885	521	0	1.23276685	293.159116	293.159149	293.159108	293.159175	6.67235912e-05	7.47979144e-05	0	100	0	0	3
1890	523	0	1.23603678	293.159122	293.159149	293.159108	293.159175	6.67235912e-05	7.47979144e-05	0	100	0	0	3
1895	524	0	1.23930672	293.159121	293.159149	293.159108	293.159175	6.67235912e-05	7.47979144e-05	0	100	0	0	3
1900	525	0	1.24257666	293.159142	293.159149	293.159108	293.159175	6.67235912e-05	7.47979144e-05	0	100	0	0	3
1905	527	0	1.2458466	293.159156	293.159149	293.159108	293.159175	6.67235912e-05	7.47979144e-05	0	100	0	0	3
1910	528	0	1.24911654	293.159164	293.159149	293.159108	293.159175	6.67235912e-05	7.47979144e-05	0	100	0	0	3
1915	530	0	1.25238648	293.159161	293.159149	293.159108	293.159175	6.67235912e-05	7.47979144e-05	0	100	0	0	3
1920	531	0	1.25565642	293.159156	293.159149	293.159108	293.159175	6.67235912e-05	7.47979144e-05	0	100	0	0	3
1925	533	0	1.25892635	293.159144	293.159149	293.159108	293.159175	6.67235912e-05	7.47979144e-05	0	100	0	0	3
1930	534	0	1.26219629	293.159138	293.159149	293.159108	293.159175	6.67235912e-05	7.47979144e-05	0	100	0	0	3
1935	536	0	1.26546623	293.159132	293.159149	293.159108	293.159175	6.67235912e-05	7.47979144e-05	0	100	0	0	3
1940	537	0	1.26873617	293.159132	293.159149	293.159108	293.159175	6.67235912e-05	7.47979144e-05	0	100	0	0	3
1945	539	0	1.27200611	293.159136	293.159149	293.159108	293.159175	6.67235912e-05	7.47979144e-05	0	100	0	0	3
1950	540	0	1.27527605	293.159135	293.159149	293.159108	293.159175	6.67235912e-05	7.47979144e-05	0	100	0	0	3
1955	542	0	1.27854599	293.159141	293.159149	293.159108	293.159175	6.67235912e-05	7.47979144e-05	0	100	0	0	3
1960	543	0	1.28181592	293.159156	293.159148	293.159108	293.159175	6.67235912e-05	7.47979144e-05	0	100	0	0	3
1965	545	0	1.28508586	293.159163	293.159148	293.159108	293.159175	6.67235912e-05	7.47979144e-05	0	100	0	0	3
1970	546	0	1.2883558	293.159162	293.159148	293.159108	293.159175	6.67235912e-05	7.47979144e-05	0	100	0	0	3
1975	548	0	1.29162574	293.159156	293.159148	293.159108	293.159175	6.67235912e-05	7.47979144e-05	0	100	0	0	3
1980	549	0	1.29489568	293.159149	293.159148	293.159108	293.159175	6.67235912e-05	7.47979144e-05	0	100	0	0	3
1985	551	0	1.29816562	293.15914	293.159148	293.159108	293.159175	6.67235912e-05	7.47979144e-05	0	100	0	0	3
1990	552	0	1.30143556	293.159135	293.159148	293.159108	293.159175	6.67235912e-05	7.47979144e-05	0	100	0	0	3
1995	554	0	1.30470549	293.159135	293.159148	293.159108	293.159175	6.67235912e-05	7.47979144e-05	0	100	0	0	3
2000	555	0	1.30797543	293.159138	293.159148	293.159108	293.159175	6.67235912e-05	7.47979144e-05	0	100	0	0	3
2005	557	0	1.31124537	293.159137	293.159148	293.159108	293.159175	6.67235912e-05	7.47979144e-05	0	100	0	0	3
2010	558	0	1.31451531	293.159142	293.159148	293.159108	293.159175	6.67235912e-05	7.47979144e-05	0	100	0	0	3
2015	560	0	1.31778525	293.159157	293.159148	293.159108	293.159175	6.67235912e-05	7.47979144e-05	0	100	0	0	3
2020	561	0	1.32105519	293.159165	293.159148	293.159108	293.159173	6.46857343e-05	7.47979144e-05	0	100	0	0	3
2025	563	0	1.32432513	293.159161	293.159148	293.159108	293.159173	6.46857343e-05	7.47979144e-05	0	100	0	0	3
2030	564	0	1.32759506	293.159154	293.159148	293.159108	293.159173	6.46857343e-05	7.47979144e-05	0	100	0	0	3
2035	566	0	1.330865	293.159144	293.159147	293.159108	293.159173	6.46857343e-05	7.47979144e-05	0	100	0	0	3
2040	567	0	1.33413494	293.159133	293.159147	293.159108	293.159173	6.46857343e-05	7.47979144e-05	0	100	0	0	3
2045	569	0	1.33740488	293.159128	293.159147	293.159108	293.159173	6.46857343e-05	7.47979144e-05	0	100	0	0	3
2050	570	0	1.34067482	293.159128	293.159147	293.159108	293.159173	6.46857343e-05	7.47979144e-05	0	100	0	0	3
2055	572	0	1.34394476	293.159132	293.159147	293.159108	293.159173	6.46857343e-05	7.47979144e-05	0	100	0	0	3
2060	573	0	1.3472147	293.159132	293.159147	293.159108	293.159173	6.46857343e-05	7.47979144e-05	0	100	0	0	3
2065	575	0	1.35048463	293.159136	293.159147	293.159108	293.159173	6.46857343e-05	7.47979144e-05	0	100	0	0	3
2070	576	0	1.35375457	293.159152	293.159147	293.159108	293.159173	6.46857343e-05	7.47979144e-05	0	100	0	0	3
2075	578	0	1.35702451	293.159158	293.159147	293.159108	293.159173	6.46857343e-05	7.47979144e-05	0	100	0	0	3
2080	579	0	1.36029445	293.159155	293.159147	293.159108	293.159173	6.46857343e-05	7.47979144e-05	0	100	0	0	3
2085	581	0	1.36356439	293.159148	293.159146	293.159108	293.159173	6.46857343e-05	7.47979144e-05	0	100	0	0	3
2090	582	0	1.36683433	293.15914	293.159146	293.159108	293.159173	6.46857343e-05	7.47979144e-05	0	100	0	0	3
2095	584	0	1.37010427	293.159134	293.159146	293.159108	293.159173	6.46857343e-05	7.47979144e-05	0	100	0	0	3
2100	585	0	1.3733742	293.15913	293.159146	293.159108	293.159173	6.46857343e-05	7.47979144e-05	0	100	0	0	3
2105	587	0	1.37664414	293.159131	293.159146	293.159108	293.159173	6.46857343e-05	7.47979144e-05	0	100	0	0	3
2110	588	0	1.37991408	293.159134	293.159146	293.159108	293.159173	6.46857343e-05	7.47979144e-05	0	100	0	0	3
2115	590	0	1.38318402	293.159134	293.159146	293.159108	293.159173	6.46857343e-05	7.47979144e-05	0	100	0	0	3
2120	591	0	1.38645396	293.159139	293.159146	293.159108	293.159173	6.46857343e-05	7.47979144e-05	0	100	0	0	3
2125	593	0	1.3897239	293.159154	293.159146	293.159108	293.159173	6.46857343e-05	7.47979144e-05	0	100	0	0	3
2130	594	0	1.39299384	293.159158	293.159146	293.159108	293.159173	6.46857343e-05	7.47979144e-05	0	100	0	0	3
2135	596	0	1.39626377	293.159154	293.159145	293.159108	293.159173	6.46857343e-05	7.47979144e-05	0	100	0	0	3
2140	597	0	1.39953371	293.159147	293.159145	293.159108	293.159173	6.46857343e-05	7.47979144e-05	0	100	0	0	3
2145	599	0	1.40280365	293.159139	293.159145	293.159108	293.159173	6.46857343e-05	7.47979144e-05	0	100	0	0	3
2150	600	0	1.40607359	293.159132	293.159145	293.159108	293.159173	6.46857343e-05	7.47979144e-05	0	100	0	0	3
2155	601	0	1.40934353	293.159129	293.159145	293.159108	293.159173	6.46857343e-05	7.47979144e-05	0	100	0	0	3
2160	602	0	1.41261347	293.159131	293.159145	293.159108	293.159173	6.46857343e-05	7.47979144e-05	0	100	0	0	3
2165	604	0	1.41588341	293.159133	293.159145	293.159108	293.159173	6.46857343e-05	7.47979144e-05	0	100	0	0	3
2170	605	0	1.41915334	293.159138	293.159145	293.159108	293.159173	6.46857343e-05	7.47979144e-05	0	100	0	0	3
2175	606	0	1.42242328	293.159142	293.159145	293.159108	293.159173	6.46857343e-05	7.47979144e-05	0	100	0	0	3
2180	607	0	1.42569322	293.159158	293.159145	293.159108	293.159173	6.46857343e-05	7.47979144e-05	0	100	0	0	3
2185	609	0	1.42896316	293.159161	293.159145	293.159108	293.159171	6.23494365e-05	7.47979144e-05	0	100	0	0	3
2190	610	0	1.4322331	293.159158	293.159144	293.159108	293.159166	5.81151152e-05	7.47979144e-05	0	100	0	0	3
2195	611	0	1.43550304	293.159149	293.159144	293.159108	293.159166	5.81151152e-05	7.47979144e-05	0	100	0	0	3
2200	612	0	1.43877298	293.159141	293.159144	293.159108	293.159166	5.81151152e-05	7.47979144e-05	0	100	0	0	3
