Iteration	CPUTime	PhysTime	Travels	Value	AvValue	MinValue	MaxValue	Delta	Criteria	PrevAvRefValue	Progress	CriteriaType	CriteriaVarType	CriteriaPercentage
1	2	0	0.000653987716	-3.68004999e-08	-3.68004999e-08	-3.68004999e-08	-3.68004999e-08	0	0	0	0	0	0	3
5	3	0	0.00326993858	3.83841601e-06	1.90080776e-06	-3.68004999e-08	3.83841601e-06	1.93760826e-06	0	0	0	0	0	3
10	5	0	0.00653987716	2.51101086e-09	1.26804217e-06	-3.68004999e-08	3.83841601e-06	1.93760826e-06	0	0	0	0	0	3
15	6	0	0.00980981574	-3.29190751e-07	8.68733943e-07	-3.29190751e-07	3.83841601e-06	1.93760826e-06	0	0	0	0	0	3
20	7	0	0.0130797543	4.60826707e-08	7.04203688e-07	-3.29190751e-07	3.83841601e-06	1.93760826e-06	0	0	0	0	0	3
25	8	0	0.0163496929	-1.47069657e-07	5.62324797e-07	-3.29190751e-07	3.83841601e-06	1.93760826e-06	0	0	0	0	0	3
30	9	0	0.0196196315	-4.77043488e-08	4.75177777e-07	-3.29190751e-07	3.83841601e-06	1.93760826e-06	0	0	0	0	0	3
35	10	0	0.0228895701	9.61190874e-08	4.2779544e-07	-3.29190751e-07	3.83841601e-06	1.93760826e-06	0	0	0	0	0	3
40	11	0	0.0261595087	-1.83631418e-07	3.59859123e-07	-3.29190751e-07	3.83841601e-06	1.93760826e-06	0	0	0	0	0	3
45	13	0	0.0294294472	-2.98395961e-10	3.23843371e-07	-3.29190751e-07	3.83841601e-06	1.93760826e-06	0	0	0	0	0	3
50	14	0	0.0326993858	8.19152884e-09	2.95147749e-07	-3.29190751e-07	3.83841601e-06	1.93760826e-06	0	0	0	0	0	3
55	15	0	0.0359693244	-1.41414553e-10	2.70540319e-07	-3.29190751e-07	3.83841601e-06	1.93760826e-06	0	0	0	0	0	3
60	16	0	0.039239263	-2.78039112e-08	2.47590762e-07	-3.29190751e-07	3.83841601e-06	1.93760826e-06	0	0	0	0	0	3
65	18	0	0.0425092016	6.1395295e-09	2.30344246e-07	-3.29190751e-07	3.83841601e-06	1.93760826e-06	0	0	0	0	0	3
70	19	0	0.0457791401	-1.16491675e-08	2.14211352e-07	-3.29190751e-07	3.83841601e-06	1.93760826e-06	0	0	0	0	0	3
75	20	0	0.0490490787	-3.56947158e-10	2.00800833e-07	-3.29190751e-07	3.83841601e-06	1.93760826e-06	0	0	0	0	0	3
80	21	0	0.0523190173	2.19768757e-08	1.90281777e-07	-3.29190751e-07	3.83841601e-06	1.93760826e-06	0	0	0	0	0	3
85	22	0	0.0555889559	1.32880147e-08	1.8044879e-07	-3.29190751e-07	3.83841601e-06	1.93760826e-06	0	0	0	0	0	3
90	24	0	0.0588588945	1.05219532e-08	1.71505272e-07	-3.29190751e-07	3.83841601e-06	1.93760826e-06	0	0	0	0	0	3
95	25	0	0.062128833	-8.19952308e-09	1.62520032e-07	-3.29190751e-07	3.83841601e-06	1.93760826e-06	0	0	0	0	0	3
100	26	0	0.0653987716	2.51554482e-07	1.66759768e-07	-3.29190751e-07	3.83841601e-06	1.93760826e-06	0	0	0	0	0	3
105	28	0	0.0686687102	-6.57325484e-08	1.56191935e-07	-3.29190751e-07	3.83841601e-06	1.93760826e-06	0	0	0	0	0	3
110	29	0	0.0719386488	7.87603546e-08	1.52825345e-07	-3.29190751e-07	3.83841601e-06	1.93760826e-06	0	0	0	0	0	3
115	30	0	0.0752085874	2.6428036e-08	1.4755879e-07	-3.29190751e-07	3.83841601e-06	1.93760826e-06	0	0	0	0	0	3
120	31	0	0.078478526	-4.72339706e-08	1.3976708e-07	-3.29190751e-07	3.83841601e-06	1.93760826e-06	0	0	0	0	0	3
125	32	0	0.0817484645	-3.9564529e-10	1.34376206e-07	-3.29190751e-07	3.83841601e-06	1.93760826e-06	0	0	0	0	0	3
130	34	0	0.0850184031	-5.17111645e-09	1.29207787e-07	-3.29190751e-07	3.83841601e-06	1.93760826e-06	0	0	0	0	0	3
135	35	0	0.0882883417	1.20629256e-08	1.25024042e-07	-3.29190751e-07	3.83841601e-06	1.93760826e-06	0	0	0	0	0	3
140	36	0	0.0915582803	-9.73086782e-09	1.20377321e-07	-3.29190751e-07	3.83841601e-06	1.93760826e-06	0	0	0	0	0	3
145	37	0	0.0948282189	1.62912356e-07	1.21795155e-07	-3.29190751e-07	3.83841601e-06	1.93760826e-06	0	0	0	0	0	3
150	39	0	0.0980981574	-3.58759378e-07	1.06293396e-07	-3.58759378e-07	3.83841601e-06	1.93760826e-06	0	0	0	0	0	3
155	40	0	0.101368096	3.37865921e-08	1.04027558e-07	-3.58759378e-07	3.83841601e-06	1.93760826e-06	0	0	0	0	0	3
160	41	0	0.104638035	-1.61894026e-07	9.59693285e-08	-3.58759378e-07	3.83841601e-06	1.93760826e-06	0	0	0	0	0	3
165	42	0	0.107907973	2.65058302e-08	9.39262844e-08	-3.58759378e-07	3.83841601e-06	1.93760826e-06	0	0	0	0	0	3
170	44	0	0.111177912	7.63706076e-09	9.14608781e-08	-3.58759378e-07	3.83841601e-06	1.93760826e-06	0	0	0	0	0	3
175	45	0	0.11444785	4.62620149e-08	9.02053541e-08	-3.58759378e-07	3.83841601e-06	1.93760826e-06	0	0	0	0	0	3
180	46	0	0.117717789	9.54391428e-08	9.03468078e-08	-3.58759378e-07	3.83841601e-06	1.93760826e-06	0	0	0	0	0	3
185	47	0	0.120987728	-1.07681139e-10	8.79664265e-08	-3.58759378e-07	3.83841601e-06	1.93760826e-06	0	0	0	0	0	3
190	49	0	0.124257666	7.24473181e-08	8.75685007e-08	-3.58759378e-07	3.83841601e-06	1.93760826e-06	0	0	0	0	0	3
195	50	0	0.127527605	6.28760595e-08	8.69511897e-08	-3.58759378e-07	3.83841601e-06	1.93760826e-06	0	0	0	0	0	3
200	51	0	0.130797543	9.62343754e-08	8.71776088e-08	-3.58759378e-07	3.83841601e-06	1.93760826e-06	0	0	0	0	0	3
205	52	0	0.134067482	-2.04119752e-07	8.02419574e-08	-3.58759378e-07	3.83841601e-06	1.93760826e-06	0	0	0	0	0	3
210	54	0	0.13733742	6.54887309e-08	7.98988591e-08	-3.58759378e-07	3.83841601e-06	1.93760826e-06	0	0	0	0	0	3
215	55	0	0.140607359	-6.20151415e-09	7.79420324e-08	-3.58759378e-07	3.83841601e-06	1.93760826e-06	0	0	0	0	0	3
220	56	0	0.143877298	6.44697824e-09	7.63532534e-08	-3.58759378e-07	3.83841601e-06	1.93760826e-06	0	0	0	0	0	3
225	57	0	0.147147236	-3.34888929e-08	7.39653807e-08	-3.58759378e-07	3.83841601e-06	1.93760826e-06	0	0	0	0	0	3
230	59	0	0.150417175	-1.33955332e-08	7.21066378e-08	-3.58759378e-07	3.83841601e-06	1.93760826e-06	0	0	0	0	0	3
235	60	0	0.153687113	-1.90472566e-08	7.02075984e-08	-3.58759378e-07	3.83841601e-06	1.93760826e-06	0	0	0	0	0	3
240	61	0	0.156957052	-2.60717593e-08	6.82427135e-08	-3.58759378e-07	3.83841601e-06	1.93760826e-06	0	0	0	0	0	3
245	62	0	0.16022699	-1.29241904e-08	6.66193754e-08	-3.58759378e-07	3.83841601e-06	1.93760826e-06	0	0	0	0	0	3
250	64	0	0.163496929	7.49448869e-09	6.54600639e-08	-3.58759378e-07	3.83841601e-06	1.93760826e-06	0	0	0	0	0	3
255	65	0	0.166766868	2.70736282e-09	6.42532812e-08	-3.58759378e-07	3.83841601e-06	1.93760826e-06	0	0	0	0	0	3
260	66	0	0.170036806	5.96443622e-07	7.42946084e-08	-3.58759378e-07	3.83841601e-06	1.93760826e-06	0	0	0	0	0	3
265	67	0	0.173306745	3.58461525e-08	7.35825999e-08	-3.58759378e-07	3.83841601e-06	1.93760826e-06	0	0	0	0	0	3
270	69	0	0.176576683	-3.92525393e-08	7.1531052e-08	-3.58759378e-07	3.83841601e-06	1.93760826e-06	0	0	0	0	0	3
275	70	0	0.179846622	2.6597346e-07	7.50032378e-08	-3.58759378e-07	3.83841601e-06	1.93760826e-06	0	0	0	0	0	3
280	71	0	0.183116561	-2.90217655e-07	6.85958537e-08	-3.58759378e-07	3.83841601e-06	1.93760826e-06	0	0	0	0	0	3
285	72	0	0.186386499	-2.50813035e-07	6.30888039e-08	-3.58759378e-07	3.83841601e-06	1.93760826e-06	0	0	0	0	0	3
290	74	0	0.189656438	-1.46837089e-07	5.95307379e-08	-3.58759378e-07	3.83841601e-06	1.93760826e-06	0	0	0	0	0	3
295	75	0	0.192926376	-6.85486859e-09	5.84243112e-08	-3.58759378e-07	3.83841601e-06	1.93760826e-06	0	0	0	0	0	3
300	76	0	0.196196315	-1.79587976e-07	5.45224704e-08	-3.58759378e-07	3.83841601e-06	1.93760826e-06	0	0	0	0	0	3
305	78	0	0.199466253	-1.04639607e-07	5.19553401e-08	-3.58759378e-07	3.83841601e-06	1.93760826e-06	0	0	0	0	0	3
310	79	0	0.202736192	-7.8359453e-08	4.98868513e-08	-3.58759378e-07	3.83841601e-06	1.93760826e-06	0	0	0	0	0	3
315	80	0	0.206006131	9.31392964e-09	4.92528994e-08	-3.58759378e-07	3.83841601e-06	1.93760826e-06	0	0	0	0	0	3
320	81	0	0.209276069	-1.67831578e-08	4.82369601e-08	-3.58759378e-07	3.83841601e-06	1.93760826e-06	0	0	0	0	0	3
325	83	0	0.212546008	4.18353432e-08	4.81399659e-08	-3.58759378e-07	3.83841601e-06	1.93760826e-06	0	0	0	0	0	3
330	84	0	0.215815946	-1.14241329e-08	4.72509495e-08	-3.58759378e-07	3.83841601e-06	1.93760826e-06	0	0	0	0	0	3
335	85	0	0.219085885	2.4570416e-08	4.69174122e-08	-3.58759378e-07	3.83841601e-06	1.93760826e-06	0	0	0	0	0	3
340	87	0	0.222355824	-2.35389118e-08	4.58963061e-08	-3.58759378e-07	3.83841601e-06	1.93760826e-06	0	0	0	0	0	3
345	88	0	0.225625762	5.8674215e-08	4.60788477e-08	-3.58759378e-07	3.83841601e-06	1.93760826e-06	0	0	0	0	0	3
350	90	0	0.228895701	-2.47078528e-08	4.50818519e-08	-3.58759378e-07	3.83841601e-06	1.93760826e-06	0	0	0	0	0	3
355	91	0	0.232165639	-9.35388751e-10	4.44427235e-08	-3.58759378e-07	3.83841601e-06	1.93760826e-06	0	0	0	0	0	3
360	93	0	0.235435578	-2.87424151e-08	4.34401874e-08	-3.58759378e-07	3.83841601e-06	1.93760826e-06	0	0	0	0	0	3
365	94	0	0.238705516	-2.90406982e-08	4.2460716e-08	-3.58759378e-07	3.83841601e-06	1.93760826e-06	0	0	0	0	0	3
370	96	0	0.241975455	-1.83469687e-08	4.16499468e-08	-3.58759378e-07	3.83841601e-06	1.93760826e-06	0	0	0	0	0	3
375	97	0	0.245245394	-5.15759924e-08	4.04232897e-08	-3.58759378e-07	3.83841601e-06	1.93760826e-06	0	0	0	0	0	3
380	99	0	0.248515332	-5.09812254e-07	3.32773736e-08	-5.09812254e-07	3.83841601e-06	1.93760826e-06	0	0	0	0	0	3
385	100	0	0.251785271	-8.79372867e-08	3.17233395e-08	-5.09812254e-07	3.83841601e-06	1.93760826e-06	0	0	0	0	0	3
390	102	0	0.255055209	-1.44397719e-08	3.11389963e-08	-5.09812254e-07	3.83841601e-06	1.93760826e-06	0	0	0	0	0	3
395	103	0	0.258325148	8.19221314e-08	3.17737855e-08	-5.09812254e-07	3.83841601e-06	1.93760826e-06	0	0	0	0	0	3
400	105	0	0.261595087	-2.51318728e-07	2.82788162e-08	-5.09812254e-07	3.83841601e-06	1.93760826e-06	0	0	0	0	0	3
405	106	0	0.264865025	-2.74680831e-08	2.7598976e-08	-5.09812254e-07	3.83841601e-06	1.93760826e-06	0	0	0	0	0	3
410	108	0	0.268134964	-3.08414109e-07	2.35506255e-08	-5.09812254e-07	3.83841601e-06	1.93760826e-06	0	0	0	0	0	3
415	109	0	0.271404902	1.00892837e-08	2.33903715e-08	-5.09812254e-07	3.83841601e-06	1.93760826e-06	0	0	0	0	0	3
420	111	0	0.274674841	-3.15948456e-08	2.27434866e-08	-5.09812254e-07	3.83841601e-06	1.93760826e-06	0	0	0	0	0	3
425	112	0	0.277944779	1.9512867e-08	2.27059212e-08	-5.09812254e-07	3.83841601e-06	1.93760826e-06	0	0	0	0	0	3
430	114	0	0.281214718	8.11686521e-09	2.25382309e-08	-5.09812254e-07	3.83841601e-06	1.93760826e-06	0	0	0	0	0	3
435	115	0	0.284484657	7.09276452e-09	2.23627143e-08	-5.09812254e-07	3.83841601e-06	1.93760826e-06	0	0	0	0	0	3
440	116	0	0.287754595	5.62750684e-08	2.27437519e-08	-5.09812254e-07	3.83841601e-06	1.93760826e-06	0	0	0	0	0	3
445	118	0	0.291024534	8.04325191e-10	2.24999805e-08	-5.09812254e-07	3.83841601e-06	1.93760826e-06	0	0	0	0	0	3
450	119	0	0.294294472	1.54374901e-09	2.22696923e-08	-5.09812254e-07	3.83841601e-06	1.93760826e-06	0	0	0	0	0	3
455	120	0	0.297564411	5.76808667e-10	2.20339001e-08	-5.09812254e-07	3.83841601e-06	1.93760826e-06	0	0	0	0	0	3
460	121	0	0.30083435	1.83227211e-07	2.37671615e-08	-5.09812254e-07	3.83841601e-06	1.93760826e-06	0	0	0	0	0	3
465	123	0	0.304104288	-2.79227527e-07	2.05438137e-08	-5.09812254e-07	3.83841601e-06	1.93760826e-06	0	0	0	0	0	3
470	124	0	0.307374227	5.34409623e-09	2.03838167e-08	-5.09812254e-07	3.83841601e-06	1.93760826e-06	0	0	0	0	0	3
475	125	0	0.310644165	-1.06201279e-07	1.9065222e-08	-5.09812254e-07	3.83841601e-06	1.93760826e-06	0	0	0	0	0	3
480	126	0	0.313914104	-1.08230968e-08	1.8757095e-08	-5.09812254e-07	3.83841601e-06	1.93760826e-06	0	0	0	0	0	3
485	128	0	0.317184042	-2.26504629e-07	1.62544243e-08	-5.09812254e-07	3.83841601e-06	1.93760826e-06	0	0	0	0	0	3
490	129	0	0.320453981	-4.82339038e-07	1.12181267e-08	-5.09812254e-07	3.83841601e-06	1.93760826e-06	0	0	0	0	0	3
495	130	0	0.32372392	-3.83997784e-07	7.2659676e-09	-5.09812254e-07	3.83841601e-06	1.93760826e-06	0	0	0	0	0	3
500	131	0	0.326993858	-1.74782743e-09	7.1767221e-09	-5.09812254e-07	3.83841601e-06	1.93760826e-06	0	0	0	0	0	3
505	133	0	0.330263797	-2.99918224e-07	4.16598733e-09	-5.09812254e-07	3.83841601e-06	1.93760826e-06	0	0	0	0	0	3
510	134	0	0.333533735	3.71093141e-08	4.48582546e-09	-5.09812254e-07	3.83841601e-06	1.93760826e-06	0	0	0	0	0	3
515	135	0	0.336803674	-1.29157948e-08	4.31850219e-09	-5.09812254e-07	3.83841601e-06	1.93760826e-06	0	0	0	0	0	3
520	137	0	0.340073612	-5.51825782e-08	3.75182523e-09	-5.09812254e-07	3.83841601e-06	1.93760826e-06	0	0	0	0	0	3
525	138	0	0.343343551	2.48860913e-10	3.7187784e-09	-5.09812254e-07	3.83841601e-06	1.93760826e-06	0	0	0	0	0	3
530	139	0	0.34661349	-3.00783094e-08	3.40291776e-09	-5.09812254e-07	3.83841601e-06	1.93760826e-06	0	0	0	0	0	3
535	140	0	0.349883428	-3.66550381e-08	3.03201076e-09	-5.09812254e-07	3.83841601e-06	1.93760826e-06	0	0	0	0	0	3
540	142	0	0.353153367	3.14688626e-07	5.89124577e-09	-5.09812254e-07	3.83841601e-06	1.93760826e-06	0	0	0	0	0	3
545	143	0	0.356423305	1.81914197e-08	6.00306553e-09	-5.09812254e-07	3.83841601e-06	1.93760826e-06	0	0	0	0	0	3
550	144	0	0.359693244	7.29712512e-09	6.01472372e-09	-5.09812254e-07	3.83841601e-06	1.93760826e-06	0	0	0	0	0	3
555	145	0	0.362963183	-2.03326426e-09	5.94286669e-09	-5.09812254e-07	3.83841601e-06	1.93760826e-06	0	0	0	0	0	3
560	147	0	0.366233121	2.99477961e-08	6.15529969e-09	-5.09812254e-07	3.83841601e-06	1.93760826e-06	0	0	0	0	0	3
565	148	0	0.36950306	-2.39292305e-09	6.08031528e-09	-5.09812254e-07	3.83841601e-06	1.93760826e-06	0	0	0	0	0	3
570	149	0	0.372772998	4.06904005e-08	6.38127254e-09	-5.09812254e-07	3.83841601e-06	1.93760826e-06	0	0	0	0	0	3
575	151	0	0.376042937	1.01981373e-07	7.20541134e-09	-5.09812254e-07	3.83841601e-06	1.93760826e-06	0	0	0	0	0	3
580	152	0	0.379312875	-7.60064676e-10	7.13733035e-09	-5.09812254e-07	3.83841601e-06	1.93760826e-06	0	0	0	0	0	3
585	154	0	0.382582814	1.11577866e-08	7.17140201e-09	-5.09812254e-07	3.83841601e-06	1.93760826e-06	0	0	0	0	0	3
590	155	0	0.385852753	1.49423411e-08	7.23670402e-09	-5.09812254e-07	3.83841601e-06	1.93760826e-06	0	0	0	0	0	3
595	157	0	0.389122691	-2.97016705e-08	6.92888424e-09	-5.09812254e-07	3.83841601e-06	1.93760826e-06	0	0	0	0	0	3
600	158	0	0.39239263	-9.2727667e-08	6.10527637e-09	-5.09812254e-07	3.83841601e-06	1.93760826e-06	0	0	0	0	0	3
605	160	0	0.395662568	-1.56669716e-07	4.77105513e-09	-5.09812254e-07	3.83841601e-06	1.93760826e-06	0	0	0	0	0	3
610	161	0	0.398932507	-3.28037988e-07	2.06529055e-09	-5.09812254e-07	3.83841601e-06	1.93760826e-06	0	0	0	0	0	3
615	163	0	0.402202446	-5.90325182e-09	2.00102811e-09	-5.09812254e-07	3.83841601e-06	1.93760826e-06	0	0	0	0	0	3
620	164	0	0.405472384	1.87173619e-08	2.13475878e-09	-5.09812254e-07	3.83841601e-06	1.93760826e-06	0	0	0	0	0	3
625	166	0	0.408742323	2.8523081e-07	4.38155284e-09	-5.09812254e-07	3.83841601e-06	1.93760826e-06	0	0	0	0	0	3
630	167	0	0.412012261	-4.40920833e-08	3.99987067e-09	-5.09812254e-07	3.83841601e-06	1.93760826e-06	0	0	0	0	0	3
635	169	0	0.4152822	-3.38869435e-08	3.70387993e-09	-5.09812254e-07	3.83841601e-06	1.93760826e-06	0	0	0	0	0	3
640	170	0	0.418552138	4.24185779e-08	4.00399387e-09	-5.09812254e-07	3.83841601e-06	1.93760826e-06	0	0	0	0	0	3
645	171	0	0.421822077	1.42810905e-07	5.07173934e-09	-5.09812254e-07	3.83841601e-06	1.93760826e-06	0	0	0	0	0	3
650	173	0	0.425092016	3.2404742e-07	7.5066682e-09	-5.09812254e-07	3.83841601e-06	1.93760826e-06	0	0	0	0	0	3
655	174	0	0.428361954	-8.81375691e-08	6.78209064e-09	-5.09812254e-07	3.83841601e-06	1.93760826e-06	0	0	0	0	0	3
660	176	0	0.431631893	2.9851541e-07	8.97557425e-09	-5.09812254e-07	3.83841601e-06	1.93760826e-06	0	0	0	0	0	3
665	177	0	0.434901831	-3.72533339e-08	8.6305824e-09	-5.09812254e-07	3.83841601e-06	1.93760826e-06	0	0	0	0	0	3
670	179	0	0.43817177	9.70646683e-08	9.2856497e-09	-5.09812254e-07	3.83841601e-06	1.93760826e-06	0	0	0	0	0	3
675	180	0	0.441441709	-3.20654861e-07	6.85961654e-09	-5.09812254e-07	3.83841601e-06	1.93760826e-06	0	0	0	0	0	3
680	181	0	0.444711647	1.14969837e-07	7.64874223e-09	-5.09812254e-07	3.83841601e-06	1.93760826e-06	0	0	0	0	0	3
685	183	0	0.447981586	-1.25740574e-07	6.68215298e-09	-5.09812254e-07	3.83841601e-06	1.93760826e-06	0	0	0	0	0	3
690	184	0	0.451251524	1.30437447e-07	7.57247884e-09	-5.09812254e-07	3.83841601e-06	1.93760826e-06	0	0	0	0	0	3
695	186	0	0.454521463	-1.04624474e-07	6.77107203e-09	-5.09812254e-07	3.83841601e-06	1.93760826e-06	0	0	0	0	0	3
700	187	0	0.457791401	6.03593108e-07	1.10038524e-08	-5.09812254e-07	3.83841601e-06	1.93760826e-06	0	0	0	0	0	3
705	188	0	0.46106134	-1.13187167e-08	1.08466512e-08	-5.09812254e-07	3.83841601e-06	1.93760826e-06	0	0	0	0	0	3
710	190	0	0.464331279	1.27057417e-08	1.08596519e-08	-5.09812254e-07	3.83841601e-06	1.93760826e-06	0	0	0	0	0	3
715	191	0	0.467601217	4.85409675e-09	1.08179466e-08	-5.09812254e-07	3.83841601e-06	1.93760826e-06	0	0	0	0	0	3
720	192	0	0.470871156	2.63936574e-07	1.25635923e-08	-5.09812254e-07	3.83841601e-06	1.93760826e-06	0	0	0	0	0	3
725	193	0	0.474141094	-1.5773564e-08	1.23695022e-08	-5.09812254e-07	3.83841601e-06	1.93760826e-06	0	0	0	0	0	3
730	195	0	0.477411033	-1.01299096e-09	1.22784649e-08	-5.09812254e-07	3.83841601e-06	1.93760826e-06	0	0	0	0	0	3
735	196	0	0.480680971	-8.10467882e-09	1.21407409e-08	-5.09812254e-07	3.83841601e-06	1.93760826e-06	0	0	0	0	0	3
740	197	0	0.48395091	1.56883196e-08	1.21645502e-08	-5.09812254e-07	3.83841601e-06	1.93760826e-06	0	0	0	0	0	3
745	198	0	0.487220849	-1.31989637e-07	1.12035223e-08	-5.09812254e-07	3.83841601e-06	1.93760826e-06	0	0	0	0	0	3
750	199	0	0.490490787	-2.7641896e-09	1.11110209e-08	-5.09812254e-07	3.83841601e-06	1.93760826e-06	0	0	0	0	0	3
755	201	0	0.493760726	1.44849586e-09	1.10474516e-08	-5.09812254e-07	3.83841601e-06	1.93760826e-06	0	0	0	0	0	3
760	202	0	0.497030664	-1.08014329e-07	1.026927e-08	-5.09812254e-07	3.83841601e-06	1.93760826e-06	0	0	0	0	0	3
765	203	0	0.500300603	-1.30895812e-07	9.35261366e-09	-5.09812254e-07	3.83841601e-06	1.93760826e-06	0	0	0	0	0	3
770	205	0	0.503570542	-4.43030989e-08	-1.57229811e-08	-5.09812254e-07	6.03593108e-07	1.11340536e-06	0	0	0	0	0	3
775	206	0	0.50684048	-1.77415511e-07	-1.68989714e-08	-5.09812254e-07	6.03593108e-07	8.85632914e-07	0	0	0	0	0	3
780	207	0	0.510110419	1.19517963e-09	-1.47395863e-08	-5.09812254e-07	6.03593108e-07	7.2110266e-07	0	0	0	0	0	3
785	208	0	0.513380357	-1.57116091e-08	-1.51434704e-08	-5.09812254e-07	6.03593108e-07	5.79223769e-07	0	0	0	0	0	3
790	210	0	0.516650296	1.02779836e-07	-1.35104672e-08	-5.09812254e-07	6.03593108e-07	4.92076748e-07	0	0	0	0	0	3
795	211	0	0.519920234	-7.15248056e-08	-1.36661565e-08	-5.09812254e-07	6.03593108e-07	4.44694412e-07	0	0	0	0	0	3
800	212	0	0.523190173	1.01882214e-07	-1.3628489e-08	-5.09812254e-07	6.03593108e-07	3.76758094e-07	0	0	0	0	0	3
805	213	0	0.526460112	-2.48785815e-07	-1.40543347e-08	-5.09812254e-07	6.03593108e-07	3.40742342e-07	0	0	0	0	0	3
810	215	0	0.52973005	1.4788513e-07	-1.30858149e-08	-5.09812254e-07	6.03593108e-07	3.1204672e-07	0	0	0	0	0	3
815	216	0	0.532999989	2.8117898e-09	-1.31209766e-08	-5.09812254e-07	6.03593108e-07	2.8743929e-07	0	0	0	0	0	3
820	218	0	0.536269927	1.29964522e-07	-1.2270611e-08	-5.09812254e-07	6.03593108e-07	2.64489734e-07	0	0	0	0	0	3
825	219	0	0.539539866	-3.12711392e-08	-1.22932727e-08	-5.09812254e-07	6.03593108e-07	2.47243217e-07	0	0	0	0	0	3
830	221	0	0.542809805	-5.53972474e-09	-1.23696076e-08	-5.09812254e-07	6.03593108e-07	2.31110323e-07	0	0	0	0	0	3
835	222	0	0.546079743	6.26086027e-08	-1.18842627e-08	-5.09812254e-07	6.03593108e-07	2.17699804e-07	0	0	0	0	0	3
840	224	0	0.549349682	-6.78204328e-09	-1.19262568e-08	-5.09812254e-07	6.03593108e-07	2.07180748e-07	0	0	0	0	0	3
845	225	0	0.55261962	-7.59051868e-08	-1.25660089e-08	-5.09812254e-07	6.03593108e-07	1.97347761e-07	0	0	0	0	0	3
850	227	0	0.555889559	-5.448281e-08	-1.30089554e-08	-5.09812254e-07	6.03593108e-07	1.88404244e-07	0	0	0	0	0	3
855	228	0	0.559159497	-3.90387922e-07	-1.56292814e-08	-5.09812254e-07	6.03593108e-07	1.83658739e-07	0	0	0	0	0	3
860	230	0	0.562429436	5.67170571e-09	-1.55386198e-08	-5.09812254e-07	6.03593108e-07	1.83658739e-07	0	0	0	0	0	3
865	231	0	0.565699375	2.36959669e-09	-1.71672792e-08	-5.09812254e-07	6.03593108e-07	1.73359215e-07	0	0	0	0	0	3
870	232	0	0.568969313	8.23687948e-08	-1.61992965e-08	-5.09812254e-07	6.03593108e-07	1.69992624e-07	0	0	0	0	0	3
875	234	0	0.572239252	-1.56976711e-07	-1.77400617e-08	-5.09812254e-07	6.03593108e-07	1.65298852e-07	0	0	0	0	0	3
880	235	0	0.57550919	4.76127563e-07	-1.48008491e-08	-5.09812254e-07	6.03593108e-07	1.57507142e-07	0	0	0	0	0	3
885	237	0	0.578779129	-2.82186365e-08	-1.46765659e-08	-5.09812254e-07	6.03593108e-07	1.52116268e-07	0	0	0	0	0	3
890	238	0	0.582049068	2.97663568e-07	-1.27284664e-08	-5.09812254e-07	6.03593108e-07	1.46947848e-07	0	0	0	0	0	3
895	240	0	0.585319006	-5.55255034e-08	-1.30575801e-08	-5.09812254e-07	6.03593108e-07	1.42764103e-07	0	0	0	0	0	3
900	241	0	0.588588945	-3.24942083e-07	-1.52602272e-08	-5.09812254e-07	6.03593108e-07	1.39535217e-07	0	0	0	0	0	3
905	243	0	0.591858883	1.94827774e-08	-1.50692883e-08	-5.09812254e-07	6.03593108e-07	1.39535217e-07	0	0	0	0	0	3
910	245	0	0.595128822	-3.05334512e-07	-1.81297254e-08	-5.09812254e-07	6.03593108e-07	1.24423121e-07	0	0	0	0	0	3
915	246	0	0.59839876	-8.59026418e-08	-1.6346348e-08	-5.09812254e-07	6.03593108e-07	1.22157284e-07	0	0	0	0	0	3
920	248	0	0.601668699	3.66289824e-09	-1.65432349e-08	-5.09812254e-07	6.03593108e-07	1.14099054e-07	0	0	0	0	0	3
925	249	0	0.604938638	-2.04113994e-08	-1.56185118e-08	-5.09812254e-07	6.03593108e-07	1.1205601e-07	0	0	0	0	0	3
930	251	0	0.608208576	1.5282927e-07	-1.47928685e-08	-5.09812254e-07	6.03593108e-07	1.09590603e-07	0	0	0	0	0	3
935	252	0	0.611478515	-6.99102734e-08	-1.52997138e-08	-5.09812254e-07	6.03593108e-07	1.08476533e-07	0	0	0	0	0	3
940	253	0	0.614748453	4.48315988e-07	-1.267191e-08	-5.09812254e-07	6.03593108e-07	1.08476533e-07	0	0	0	0	0	3
945	255	0	0.618018392	1.31396256e-07	-1.24368962e-08	-5.09812254e-07	6.03593108e-07	1.06096152e-07	0	0	0	0	0	3
950	256	0	0.62128833	2.21333538e-07	-1.0989568e-08	-5.09812254e-07	6.03593108e-07	1.05698226e-07	0	0	0	0	0	3
955	258	0	0.624558269	-1.13097987e-07	-1.22022824e-08	-5.09812254e-07	6.03593108e-07	1.05307334e-07	0	0	0	0	0	3
960	259	0	0.627828208	-2.65162899e-07	-1.43463279e-08	-5.09812254e-07	6.03593108e-07	1.05307334e-07	0	0	0	0	0	3
965	260	0	0.631098146	-2.99292989e-08	-1.51709271e-08	-5.09812254e-07	6.03593108e-07	9.83716827e-08	0	0	0	0	0	3
970	262	0	0.634368085	-4.4510362e-08	-1.41277284e-08	-5.09812254e-07	6.03593108e-07	9.80285844e-08	0	0	0	0	0	3
975	263	0	0.637638023	-1.62523713e-07	-1.56180058e-08	-5.09812254e-07	6.03593108e-07	9.60717578e-08	0	0	0	0	0	3
980	264	0	0.640907962	9.25675787e-09	-1.55169714e-08	-5.09812254e-07	6.03593108e-07	9.44829788e-08	0	0	0	0	0	3
985	265	0	0.644177901	1.08603616e-08	-1.54881257e-08	-5.09812254e-07	6.03593108e-07	9.31329632e-08	0	0	0	0	0	3
990	267	0	0.647447839	9.43499203e-08	-1.46525779e-08	-5.09812254e-07	6.03593108e-07	9.31329632e-08	0	0	0	0	0	3
995	268	0	0.650717778	9.31453051e-08	-1.39562326e-08	-5.09812254e-07	6.03593108e-07	9.31329632e-08	0	0	0	0	0	3
1000	269	0	0.653987716	7.97279086e-07	-8.6207663e-09	-5.09812254e-07	7.97279086e-07	9.31329632e-08	0	0	0	0	0	3
1005	271	0	0.657257655	-1.12257046e-09	-8.45769971e-09	-5.09812254e-07	7.97279086e-07	9.31329632e-08	0	0	0	0	0	3
1010	272	0	0.660527593	2.23542191e-07	-6.9121678e-09	-5.09812254e-07	7.97279086e-07	9.31329632e-08	0	0	0	0	0	3
1015	273	0	0.663797532	-7.58962203e-08	-7.45720512e-09	-5.09812254e-07	7.97279086e-07	9.31329632e-08	0	0	0	0	0	3
1020	274	0	0.667067471	2.05103975e-08	-7.34084541e-09	-5.09812254e-07	7.97279086e-07	9.31329632e-08	0	0	0	0	0	3
1025	276	0	0.670337409	-4.26511496e-07	-1.40268266e-08	-5.09812254e-07	7.97279086e-07	9.31329632e-08	0	0	0	0	0	3
1030	277	0	0.673607348	-3.05975184e-08	-1.44610989e-08	-5.09812254e-07	7.97279086e-07	9.31329632e-08	0	0	0	0	0	3
1035	278	0	0.676877286	-3.49129251e-08	-1.44327354e-08	-5.09812254e-07	7.97279086e-07	9.31329632e-08	0	0	0	0	0	3
1040	279	0	0.680147225	1.67324995e-07	-1.50774967e-08	-5.09812254e-07	7.97279086e-07	8.67255791e-08	0	0	0	0	0	3
1045	281	0	0.683417164	-2.53958569e-07	-1.48405092e-08	-5.09812254e-07	7.97279086e-07	8.12185293e-08	0	0	0	0	0	3
1050	282	0	0.686687102	1.06429582e-07	-1.25055901e-08	-5.09812254e-07	7.97279086e-07	7.76604633e-08	0	0	0	0	0	3
1055	283	0	0.689957041	-8.89461041e-08	-1.21272176e-08	-5.09812254e-07	7.97279086e-07	7.65540365e-08	0	0	0	0	0	3
1060	285	0	0.693226979	4.07594358e-07	-9.41839917e-09	-5.09812254e-07	7.97279086e-07	7.26521958e-08	0	0	0	0	0	3
1065	286	0	0.696496918	-2.07054255e-07	-9.59791734e-09	-5.09812254e-07	7.97279086e-07	7.00850655e-08	0	0	0	0	0	3
1070	288	0	0.699766856	-8.947074e-08	-9.49877442e-09	-5.09812254e-07	7.97279086e-07	6.80165767e-08	0	0	0	0	0	3
1075	289	0	0.703036795	-2.3716006e-07	-1.05366869e-08	-5.09812254e-07	7.97279086e-07	6.73826248e-08	0	0	0	0	0	3
1080	291	0	0.706306734	-5.61154156e-08	-1.09643297e-08	-5.09812254e-07	7.97279086e-07	6.63666855e-08	0	0	0	0	0	3
1085	292	0	0.709576672	-5.31683945e-07	-1.43296943e-08	-5.31683945e-07	7.97279086e-07	6.62696913e-08	0	0	0	0	0	3
1090	294	0	0.712846611	1.3594275e-08	-1.45142764e-08	-5.31683945e-07	7.97279086e-07	6.53806749e-08	0	0	0	0	0	3
1095	295	0	0.716116549	3.19543694e-09	-1.44187237e-08	-5.31683945e-07	7.97279086e-07	6.50471376e-08	0	0	0	0	0	3
1100	296	0	0.719386488	1.07502551e-07	-1.38766836e-08	-5.31683945e-07	7.97279086e-07	6.4208573e-08	0	0	0	0	0	3
1105	298	0	0.722656427	-1.84657976e-07	-1.49297494e-08	-5.31683945e-07	7.97279086e-07	6.4208573e-08	0	0	0	0	0	3
1110	300	0	0.725926365	8.04490316e-08	-1.47874303e-08	-5.31683945e-07	7.97279086e-07	6.32115772e-08	0	0	0	0	0	3
1115	301	0	0.729196304	2.92452739e-08	-1.44347955e-08	-5.31683945e-07	7.97279086e-07	6.25724489e-08	0	0	0	0	0	3
1120	303	0	0.732466242	2.18181519e-08	-1.42860795e-08	-5.31683945e-07	7.97279086e-07	6.15699128e-08	0	0	0	0	0	3
1125	304	0	0.735736181	-3.09128231e-08	-1.43002652e-08	-5.31683945e-07	7.97279086e-07	6.05904413e-08	0	0	0	0	0	3
1130	306	0	0.739006119	-4.49697088e-08	-1.44043764e-08	-5.31683945e-07	7.97279086e-07	5.97796722e-08	0	0	0	0	0	3
1135	307	0	0.742276058	-8.83312916e-08	-1.48617903e-08	-5.31683945e-07	7.97279086e-07	5.85530151e-08	0	0	0	0	0	3
1140	309	0	0.745545997	-6.7740469e-09	-1.45689671e-08	-5.31683945e-07	7.97279086e-07	5.1407099e-08	0	0	0	0	0	3
1145	310	0	0.748815935	2.12302927e-09	-1.12229849e-08	-5.31683945e-07	7.97279086e-07	4.99035109e-08	0	0	0	0	0	3
1150	312	0	0.752085874	9.10353419e-08	-1.00532291e-08	-5.31683945e-07	7.97279086e-07	4.99035109e-08	0	0	0	0	0	3
1155	313	0	0.755355812	-2.81022167e-08	-1.01425261e-08	-5.31683945e-07	7.97279086e-07	4.99035109e-08	0	0	0	0	0	3
1160	315	0	0.758625751	6.62697607e-07	-6.34660799e-09	-5.31683945e-07	7.97279086e-07	4.64085416e-08	0	0	0	0	0	3
1165	316	0	0.76189569	4.51375498e-09	-4.67450026e-09	-5.31683945e-07	7.97279086e-07	4.57287013e-08	0	0	0	0	0	3
1170	318	0	0.765165628	5.23978305e-08	-4.15250082e-09	-5.31683945e-07	7.97279086e-07	4.18968868e-08	0	0	0	0	0	3
1175	319	0	0.768435567	-4.48880942e-08	-2.43010857e-09	-5.31683945e-07	7.97279086e-07	4.18968868e-08	0	0	0	0	0	3
1180	321	0	0.771705505	6.3837886e-08	-2.07881052e-09	-5.31683945e-07	7.97279086e-07	4.18968868e-08	0	0	0	0	0	3
1185	322	0	0.774975444	-6.70774704e-08	-2.3107231e-09	-5.31683945e-07	7.97279086e-07	4.18968868e-08	0	0	0	0	0	3
1190	324	0	0.778245382	-2.02755768e-07	-3.76345928e-09	-5.31683945e-07	7.97279086e-07	4.18968868e-08	0	0	0	0	0	3
1195	325	0	0.781515321	-1.38522541e-08	-3.90704829e-09	-5.31683945e-07	7.97279086e-07	4.18968868e-08	0	0	0	0	0	3
1200	327	0	0.78478526	2.22272368e-07	-2.50064565e-09	-5.31683945e-07	7.97279086e-07	4.18968868e-08	0	0	0	0	0	3
1205	328	0	0.788055198	5.84485302e-08	-2.48644002e-09	-5.31683945e-07	7.97279086e-07	4.18968868e-08	0	0	0	0	0	3
1210	330	0	0.791325137	9.14919757e-08	-1.89371028e-09	-5.31683945e-07	7.97279086e-07	4.18968868e-08	0	0	0	0	0	3
1215	331	0	0.794595075	-3.70815077e-08	-2.14616294e-09	-5.31683945e-07	7.97279086e-07	4.18968868e-08	0	0	0	0	0	3
1220	333	0	0.797865014	3.86049248e-07	3.73264773e-10	-5.31683945e-07	7.97279086e-07	4.18968868e-08	0	0	0	0	0	3
1225	334	0	0.801134952	-1.06543526e-07	-1.52066162e-09	-5.31683945e-07	7.97279086e-07	3.86735391e-08	0	0	0	0	0	3
1230	336	0	0.804404891	-1.89865926e-07	-9.36598872e-10	-5.31683945e-07	7.97279086e-07	3.85135421e-08	0	0	0	0	0	3
1235	337	0	0.80767483	-1.96253299e-07	-2.2542289e-09	-5.31683945e-07	7.97279086e-07	3.71949473e-08	0	0	0	0	0	3
1240	338	0	0.810944768	-4.82053285e-08	-1.8751704e-09	-5.31683945e-07	7.97279086e-07	3.68868203e-08	0	0	0	0	0	3
1245	339	0	0.814214707	-6.76214365e-08	-2.24640138e-09	-5.31683945e-07	7.97279086e-07	3.43841497e-08	0	0	0	0	0	3
1250	341	0	0.817484645	9.35092876e-09	-7.04861789e-10	-5.31683945e-07	7.97279086e-07	3.06933177e-08	0	0	0	0	0	3
1255	342	0	0.820754584	-1.46303235e-08	2.35205792e-09	-5.31683945e-07	7.97279086e-07	3.06933177e-08	0	0	0	0	0	3
1260	343	0	0.824024523	8.51048788e-08	5.41808839e-09	-5.31683945e-07	7.97279086e-07	3.06933177e-08	0	0	0	0	0	3
1265	344	0	0.827294461	-7.93730549e-08	4.91073396e-09	-5.31683945e-07	7.97279086e-07	3.06933177e-08	0	0	0	0	0	3
1270	346	0	0.8305644	4.22258621e-07	9.63084406e-09	-5.31683945e-07	7.97279086e-07	3.06933177e-08	0	0	0	0	0	3
1275	347	0	0.833834338	-7.58218939e-08	8.89273159e-09	-5.31683945e-07	7.97279086e-07	3.06933177e-08	0	0	0	0	0	3
1280	348	0	0.837104277	1.61224512e-08	9.08252405e-09	-5.31683945e-07	7.97279086e-07	3.06933177e-08	0	0	0	0	0	3
1285	349	0	0.840374215	-6.41287639e-08	9.02405225e-09	-5.31683945e-07	7.97279086e-07	3.06933177e-08	0	0	0	0	0	3
1290	351	0	0.843644154	2.66917674e-08	9.1968817e-09	-5.31683945e-07	7.97279086e-07	3.06933177e-08	0	0	0	0	0	3
1295	352	0	0.846914093	-8.81476076e-08	8.8173438e-09	-5.31683945e-07	7.97279086e-07	3.06933177e-08	0	0	0	0	0	3
1300	353	0	0.850184031	-3.62734579e-08	8.81983779e-09	-5.31683945e-07	7.97279086e-07	3.06933177e-08	0	0	0	0	0	3
1305	355	0	0.85345397	-9.94330856e-09	6.69806044e-09	-5.31683945e-07	7.97279086e-07	3.06933177e-08	0	0	0	0	0	3
1310	356	0	0.856723908	5.37202694e-08	6.93027515e-09	-5.31683945e-07	7.97279086e-07	3.06933177e-08	0	0	0	0	0	3
1315	357	0	0.859993847	-3.08743221e-09	6.86240222e-09	-5.31683945e-07	7.97279086e-07	3.06933177e-08	0	0	0	0	0	3
1320	359	0	0.863263786	5.37275921e-08	7.22685226e-09	-5.31683945e-07	7.97279086e-07	3.06933177e-08	0	0	0	0	0	3
1325	360	0	0.866533724	-1.80428258e-07	5.85184538e-09	-5.31683945e-07	7.97279086e-07	3.06933177e-08	0	0	0	0	0	3
1330	361	0	0.869803663	2.47818001e-07	7.48721089e-09	-5.31683945e-07	7.97279086e-07	3.06933177e-08	0	0	0	0	0	3
1335	363	0	0.873073601	-1.52686513e-08	7.12146546e-09	-5.31683945e-07	7.97279086e-07	3.06933177e-08	0	0	0	0	0	3
1340	364	0	0.87634354	-1.18166115e-07	5.68259298e-09	-5.31683945e-07	7.97279086e-07	3.06933177e-08	0	0	0	0	0	3
1345	366	0	0.879613478	-1.11516579e-07	4.9586942e-09	-5.31683945e-07	7.97279086e-07	3.06933177e-08	0	0	0	0	0	3
1350	367	0	0.882883417	-3.7927439e-08	4.63787573e-09	-5.31683945e-07	7.97279086e-07	3.06933177e-08	0	0	0	0	0	3
1355	369	0	0.886153356	-3.13202104e-07	2.49314079e-09	-5.31683945e-07	7.97279086e-07	3.06933177e-08	0	0	0	0	0	3
1360	370	0	0.889423294	1.16744152e-08	2.76357272e-09	-5.31683945e-07	7.97279086e-07	3.06933177e-08	0	0	0	0	0	3
1365	372	0	0.892693233	3.78096322e-09	3.39434809e-09	-5.31683945e-07	7.97279086e-07	3.06933177e-08	0	0	0	0	0	3
1370	373	0	0.895963171	8.31407934e-08	4.96173703e-09	-5.31683945e-07	7.97279086e-07	3.06933177e-08	0	0	0	0	0	3
1375	375	0	0.89923311	-9.44538286e-08	6.48843088e-09	-5.31683945e-07	7.97279086e-07	3.06933177e-08	0	0	0	0	0	3
1380	376	0	0.902503049	8.82362819e-08	7.10372195e-09	-5.31683945e-07	7.97279086e-07	3.06933177e-08	0	0	0	0	0	3
1385	378	0	0.905772987	-6.22645497e-08	6.57442841e-09	-5.31683945e-07	7.97279086e-07	3.06933177e-08	0	0	0	0	0	3
1390	379	0	0.909042926	4.80868823e-09	4.74160409e-09	-5.31683945e-07	7.97279086e-07	3.06933177e-08	0	0	0	0	0	3
1395	381	0	0.912312864	-4.26172806e-08	4.75124332e-09	-5.31683945e-07	7.97279086e-07	3.06933177e-08	0	0	0	0	0	3
1400	382	0	0.915582803	4.99224354e-08	5.29901704e-09	-5.31683945e-07	7.97279086e-07	3.06933177e-08	0	0	0	0	0	3
1405	384	0	0.918852741	-1.00229853e-07	4.36667435e-09	-5.31683945e-07	7.97279086e-07	3.06933177e-08	0	0	0	0	0	3
1410	385	0	0.92212268	-9.02452107e-09	3.37428595e-09	-5.31683945e-07	7.97279086e-07	3.06933177e-08	0	0	0	0	0	3
1415	387	0	0.925392619	-3.50807373e-09	1.23340037e-09	-5.31683945e-07	7.97279086e-07	3.06933177e-08	0	0	0	0	0	3
1420	388	0	0.928662557	7.97279134e-08	2.33056039e-09	-5.31683945e-07	7.97279086e-07	3.06933177e-08	0	0	0	0	0	3
1425	390	0	0.931932496	-1.00053347e-07	-2.74464173e-10	-5.31683945e-07	7.97279086e-07	3.06933177e-08	0	0	0	0	0	3
1430	391	0	0.935202434	5.80054145e-07	3.76022523e-09	-5.31683945e-07	7.97279086e-07	3.06933177e-08	0	0	0	0	0	3
1435	393	0	0.938472373	-6.61827307e-08	2.69324877e-09	-5.31683945e-07	7.97279086e-07	3.06933177e-08	0	0	0	0	0	3
1440	394	0	0.941742311	1.67663939e-07	5.88487491e-09	-5.31683945e-07	7.97279086e-07	3.06933177e-08	0	0	0	0	0	3
1445	396	0	0.94501225	-1.429744e-07	4.19896486e-09	-5.31683945e-07	7.97279086e-07	3.06933177e-08	0	0	0	0	0	3
1450	397	0	0.948282189	-2.18277958e-07	3.59414535e-09	-5.31683945e-07	7.97279086e-07	3.06933177e-08	0	0	0	0	0	3
1455	399	0	0.951552127	-1.25370056e-07	1.92220089e-09	-5.31683945e-07	7.97279086e-07	3.06933177e-08	0	0	0	0	0	3
1460	401	0	0.954822066	-4.55080672e-08	2.30858264e-09	-5.31683945e-07	7.97279086e-07	3.06933177e-08	0	0	0	0	0	3
1465	402	0	0.958092004	-4.74456689e-07	-4.73749446e-09	-5.31683945e-07	7.97279086e-07	3.06933177e-08	0	0	0	0	0	3
1470	404	0	0.961361943	1.20430535e-08	-4.58480316e-09	-5.31683945e-07	7.97279086e-07	3.06933177e-08	0	0	0	0	0	3
1475	405	0	0.964631882	-2.08280053e-08	-4.80397797e-09	-5.31683945e-07	7.97279086e-07	3.06933177e-08	0	0	0	0	0	3
1480	407	0	0.96790182	7.94439286e-08	-4.31646273e-09	-5.31683945e-07	7.97279086e-07	3.06933177e-08	0	0	0	0	0	3
1485	408	0	0.971171759	-1.82738962e-07	-7.23591069e-09	-5.31683945e-07	7.97279086e-07	3.04992276e-08	0	0	0	0	0	3
1490	410	0	0.974441697	4.44182373e-07	-4.22966273e-09	-5.31683945e-07	7.97279086e-07	3.04081902e-08	0	0	0	0	0	3
1495	411	0	0.977711636	8.51749525e-08	-3.66634284e-09	-5.31683945e-07	7.97279086e-07	3.02942755e-08	0	0	0	0	0	3
1500	413	0	0.980981574	2.57579886e-08	-3.44501822e-09	-5.31683945e-07	7.97279086e-07	3.02942755e-08	0	0	0	0	0	3
1505	415	0	0.984251513	-4.66592787e-08	-3.85251886e-09	-5.31683945e-07	7.97279086e-07	2.93332476e-08	0	0	0	0	0	3
1510	416	0	0.987521452	8.75975368e-08	-2.41730858e-09	-5.31683945e-07	7.97279086e-07	2.92407462e-08	0	0	0	0	0	3
1515	418	0	0.99079139	-2.56013489e-07	-4.07253276e-09	-5.31683945e-07	7.97279086e-07	2.9177177e-08	0	0	0	0	0	3
1520	419	0	0.994061329	-2.02730687e-08	-4.21450377e-09	-5.31683945e-07	7.97279086e-07	2.83989954e-08	0	0	0	0	0	3
1525	420	0	0.997331267	5.5360051e-09	-3.47234472e-09	-5.31683945e-07	7.97279086e-07	2.77605694e-08	0	0	0	0	0	3
1530	421	0	1.00060121	4.35137351e-07	2.27218435e-10	-5.31683945e-07	7.97279086e-07	2.77605694e-08	0.0201379854	0	100	0	0	3
1535	423	0	1.00387114	-7.8075099e-08	6.48640918e-12	-5.31683945e-07	7.97279086e-07	2.77605694e-08	0.0206141212	0	100	0	0	3
1540	424	0	1.00714108	6.3820511e-08	1.58319243e-09	-5.31683945e-07	7.97279086e-07	2.77605694e-08	0.0202585917	0	100	0	0	3
1545	425	0	1.01041102	-6.01854859e-08	1.18201161e-09	-5.31683945e-07	7.97279086e-07	2.77605694e-08	0.020784621	0	100	0	0	3
1550	426	0	1.01368096	3.68238685e-07	3.69149066e-09	-5.31683945e-07	7.97279086e-07	2.77605694e-08	0.020559731	0	100	0	0	3
1555	428	0	1.0169509	-9.81480283e-09	2.95557799e-09	-5.31683945e-07	7.97279086e-07	2.77605694e-08	0.0206114647	0	100	0	0	3
1560	429	0	1.02022084	-1.62043051e-07	2.36395547e-09	-5.31683945e-07	7.97279086e-07	2.77605694e-08	0.0201670003	0	100	0	0	3
1565	430	0	1.02349078	-1.35812502e-07	8.10395234e-10	-5.31683945e-07	7.97279086e-07	2.77605694e-08	0.0204965489	0	100	0	0	3
1570	431	0	1.02676071	-6.79647802e-08	1.99223206e-09	-5.31683945e-07	7.97279086e-07	2.77605694e-08	0.020178845	0	100	0	0	3
1575	433	0	1.03003065	-6.1123548e-08	6.2616227e-10	-5.31683945e-07	7.97279086e-07	2.77605694e-08	0.0207674807	0	100	0	0	3
1580	434	0	1.03330059	2.7606733e-08	7.88220722e-10	-5.31683945e-07	7.97279086e-07	2.77605694e-08	0.0201517821	0	100	0	0	3
1585	435	0	1.03657053	2.44402141e-08	9.85193661e-11	-5.31683945e-07	7.97279086e-07	2.77605694e-08	0.0208165322	0	100	0	0	3
1590	437	0	1.03984047	1.02470198e-07	9.72645752e-10	-5.31683945e-07	7.97279086e-07	2.77605694e-08	0.0203525019	0	100	0	0	3
1595	438	0	1.04311041	-3.44539577e-07	-1.24303956e-09	-5.31683945e-07	7.97279086e-07	2.77605694e-08	0.020521614	0	100	0	0	3
1600	439	0	1.04638035	7.09610181e-08	-1.18844861e-09	-5.31683945e-07	7.97279086e-07	2.77605694e-08	0.0203436463	0	100	0	0	3
1605	441	0	1.04965028	-3.47703866e-08	-1.37137896e-09	-5.31683945e-07	7.97279086e-07	2.77605694e-08	0.0210450041	0	100	0	0	3
1610	442	0	1.05292022	7.1383018e-09	-8.28611057e-10	-5.31683945e-07	7.97279086e-07	2.77605694e-08	0.0202273447	0	100	0	0	3
1615	443	0	1.05619016	-6.98226017e-08	-9.28871134e-10	-5.31683945e-07	7.97279086e-07	2.77605694e-08	0.0202104431	0	100	0	0	3
1620	445	0	1.0594601	-3.96180666e-08	1.3637423e-09	-5.31683945e-07	7.97279086e-07	2.77605694e-08	0.020121286	0	100	0	0	3
1625	447	0	1.06273004	-5.41148318e-07	-2.21024479e-09	-5.41148318e-07	7.97279086e-07	2.77605694e-08	0.0204422951	0	100	0	0	3
1630	448	0	1.06599998	1.40230495e-08	-2.13407843e-09	-5.41148318e-07	7.97279086e-07	2.77605694e-08	0.0200826741	0	100	0	0	3
1635	450	0	1.06926992	4.55164689e-09	-2.64268724e-09	-5.41148318e-07	7.97279086e-07	2.77605694e-08	0.0208101426	0	100	0	0	3
1640	451	0	1.07253985	9.40828058e-08	-1.00177536e-09	-5.41148318e-07	7.97279086e-07	2.77605694e-08	0.0201803691	0	100	0	0	3
1645	452	0	1.07580979	-5.22952427e-08	-4.45551919e-09	-5.41148318e-07	7.97279086e-07	2.77605694e-08	0.021024144	0	100	0	0	3
1650	454	0	1.07907973	7.86973923e-08	-3.75672162e-09	-5.41148318e-07	7.97279086e-07	2.77605694e-08	0.0201093086	0	100	0	0	3
1655	455	0	1.08234967	-7.98165701e-08	-6.22391206e-09	-5.41148318e-07	7.97279086e-07	2.77605694e-08	0.020758352	0	100	0	0	3
1660	457	0	1.08561961	3.32983594e-08	-5.64336394e-09	-5.41148318e-07	7.97279086e-07	2.77605694e-08	0.0201567795	0	100	0	0	3
1665	458	0	1.08888955	-2.93586869e-08	-3.71144632e-09	-5.41148318e-07	7.97279086e-07	2.77605694e-08	0.0205036175	0	100	0	0	3
1670	460	0	1.09215949	8.76977916e-08	-3.26559655e-09	-5.41148318e-07	7.97279086e-07	2.77605694e-08	0.0200167342	0	100	0	0	3
1675	461	0	1.09542942	-6.60228842e-08	-1.70146827e-09	-5.41148318e-07	7.97279086e-07	2.6174079e-08	0.0204303723	0	100	0	0	3
1680	463	0	1.09869936	-1.67302416e-07	-2.23349293e-09	-5.41148318e-07	7.97279086e-07	2.6174079e-08	0.0200411047	0	100	0	0	3
1685	464	0	1.1019693	1.18483537e-09	-2.24968942e-09	-5.41148318e-07	7.97279086e-07	2.52493559e-08	0.020554396	0	100	0	0	3
1690	466	0	1.10523924	4.35293499e-08	-1.83177603e-09	-5.41148318e-07	7.97279086e-07	2.52488499e-08	0.0201294868	0	100	0	0	3
1695	467	0	1.10850918	-1.33240305e-07	-3.70151181e-09	-5.41148318e-07	7.97279086e-07	2.52488499e-08	0.0204461296	0	100	0	0	3
1700	469	0	1.11177912	8.20595486e-08	-2.708245e-09	-5.41148318e-07	7.97279086e-07	2.52488499e-08	0.0202996475	0	100	0	0	3
1705	471	0	1.11504906	2.44896933e-08	-5.4783515e-09	-5.41148318e-07	7.97279086e-07	2.52488499e-08	0.0207974352	0	100	0	0	3
1710	472	0	1.11831899	6.65910855e-08	-5.90191471e-09	-5.41148318e-07	7.97279086e-07	2.52488499e-08	0.0203517622	0	100	0	0	3
1715	474	0	1.12158893	-1.90980893e-08	-7.47336325e-09	-5.41148318e-07	7.97279086e-07	2.52488499e-08	0.0204168853	0	100	0	0	3
1720	475	0	1.12485887	-1.31074898e-07	-7.5908594e-09	-5.41148318e-07	7.97279086e-07	2.52488499e-08	0.0200242003	0	100	0	0	3
1725	477	0	1.12812881	-2.21569625e-07	-7.30593604e-09	-5.41148318e-07	7.97279086e-07	2.52488499e-08	0.0204965865	0	100	0	0	3
1730	478	0	1.13139875	-4.01289652e-08	-7.37260052e-09	-5.41148318e-07	7.97279086e-07	2.52488499e-08	0.0200165042	0	100	0	0	3
1735	480	0	1.13466869	-7.00980991e-08	-7.53984063e-09	-5.41148318e-07	7.97279086e-07	2.52488499e-08	0.0207434628	0	100	0	0	3
1740	481	0	1.13793863	1.94664553e-08	-6.35036241e-09	-5.41148318e-07	7.97279086e-07	2.51478154e-08	0.0202620579	0	100	0	0	3
1745	483	0	1.14120856	2.45310687e-08	-6.25053031e-09	-5.41148318e-07	7.97279086e-07	2.51189698e-08	0.0209114521	0	100	0	0	3
1750	484	0	1.1444785	1.26869154e-07	-5.49230291e-09	-5.41148318e-07	7.97279086e-07	2.47083407e-08	0.0201891906	0	100	0	0	3
1755	485	0	1.14774844	-1.89611857e-07	-7.34826224e-09	-5.41148318e-07	7.97279086e-07	2.47083407e-08	0.0210708688	0	100	0	0	3
1760	487	0	1.15101838	5.17792355e-08	-7.61862871e-09	-5.41148318e-07	7.97279086e-07	2.47083407e-08	0.0202872266	0	100	0	0	3
1765	488	0	1.15428832	-6.58068063e-08	-1.3259713e-08	-5.41148318e-07	6.62697607e-07	2.47083407e-08	0.0208011221	0	100	0	0	3
1770	490	0	1.15755826	1.04519593e-08	-1.31840624e-08	-5.41148318e-07	6.62697607e-07	2.47083407e-08	0.0203570347	0	100	0	0	3
1775	491	0	1.1608282	-2.3595262e-08	-1.47993399e-08	-5.41148318e-07	6.62697607e-07	2.47083407e-08	0.0205041692	0	100	0	0	3
1780	493	0	1.16409814	1.11556054e-08	-1.42303737e-08	-5.41148318e-07	6.62697607e-07	2.47083407e-08	0.0202050426	0	100	0	0	3
1785	494	0	1.16736807	-9.45543954e-08	-1.49824312e-08	-5.41148318e-07	6.62697607e-07	2.47083407e-08	0.0203759905	0	100	0	0	3
1790	496	0	1.17063801	-7.86224451e-09	-1.22461616e-08	-5.41148318e-07	6.62697607e-07	2.47083407e-08	0.0200602162	0	100	0	0	3
1795	497	0	1.17390795	1.78449436e-09	-1.20345144e-08	-5.41148318e-07	6.62697607e-07	2.47083407e-08	0.0209119529	0	100	0	0	3
1800	499	0	1.17717789	4.14272651e-08	-1.1535559e-08	-5.41148318e-07	6.62697607e-07	2.47083407e-08	0.0200701323	0	100	0	0	3
1805	501	0	1.18044783	2.29801785e-07	-1.11272139e-08	-5.41148318e-07	6.62697607e-07	2.46132753e-08	0.0206753842	0	100	0	0	3
1810	502	0	1.18371777	4.84166358e-07	-6.30286799e-09	-5.41148318e-07	6.62697607e-07	2.46132753e-08	0.0202887099	0	100	0	0	3
1815	504	0	1.18698771	-3.91492954e-07	-9.55726365e-09	-5.41148318e-07	6.62697607e-07	2.46132753e-08	0.0205500392	0	100	0	0	3
1820	505	0	1.19025764	1.58198727e-07	-7.94193796e-09	-5.41148318e-07	6.62697607e-07	2.46132753e-08	0.0203688388	0	100	0	0	3
1825	506	0	1.19352758	-8.67921701e-08	-1.11732225e-08	-5.41148318e-07	6.62697607e-07	2.46132753e-08	0.0206271013	0	100	0	0	3
1830	507	0	1.19679752	-1.98263593e-07	-1.11157672e-08	-5.41148318e-07	6.62697607e-07	2.46132753e-08	0.020025515	0	100	0	0	3
1835	509	0	1.20006746	-6.67448974e-08	-1.09672322e-08	-5.41148318e-07	6.62697607e-07	2.46132753e-08	0.0202230229	0	100	0	0	3
1840	510	0	1.2033374	-5.55780442e-08	-9.78042167e-09	-5.41148318e-07	6.62697607e-07	2.46132753e-08	0.0200237891	0	100	0	0	3
1845	511	0	1.20660734	-4.2813969e-07	-1.22119529e-08	-5.41148318e-07	6.62697607e-07	2.46132753e-08	0.0205622892	0	100	0	0	3
1850	512	0	1.20987728	1.9035214e-08	-8.61248125e-09	-5.41148318e-07	6.62697607e-07	2.46132753e-08	0.0200871875	0	100	0	0	3
1855	514	0	1.21314721	1.11851487e-08	-8.62822717e-09	-5.41148318e-07	6.62697607e-07	2.46132753e-08	0.0207970428	0	100	0	0	3
1860	515	0	1.21641715	6.14362843e-08	-8.24756804e-09	-5.41148318e-07	6.62697607e-07	2.46132753e-08	0.0202758372	0	100	0	0	3
1865	516	0	1.21968709	-2.62914365e-07	-1.06685936e-08	-5.41148318e-07	6.62697607e-07	2.46132753e-08	0.0204964965	0	100	0	0	3
1870	517	0	1.22295703	9.75282272e-08	-8.82423937e-09	-5.41148318e-07	6.62697607e-07	2.46132753e-08	0.020285484	0	100	0	0	3
1875	519	0	1.22622697	-1.37395624e-08	-9.43985109e-09	-5.41148318e-07	6.62697607e-07	2.46132753e-08	0.0207598028	0	100	0	0	3
1880	520	0	1.22949691	3.37454313e-08	-9.4104383e-09	-5.41148318e-07	6.62697607e-07	2.46132753e-08	0.0202645248	0	100	0	0	3
1885	521	0	1.23276685	-2.201984e-08	-9.69696112e-09	-5.41148318e-07	6.62697607e-07	2.46132753e-08	0.0207069112	0	100	0	0	3
1890	523	0	1.23603678	1.05070418e-08	-9.42624305e-09	-5.41148318e-07	6.62697607e-07	2.46132753e-08	0.0201080664	0	100	0	0	3
1895	524	0	1.23930672	-8.25479118e-08	-9.67185222e-09	-5.41148318e-07	6.62697607e-07	2.46132753e-08	0.0203649672	0	100	0	0	3
1900	525	0	1.24257666	1.98311278e-08	-8.9649083e-09	-5.41148318e-07	6.62697607e-07	2.46132753e-08	0.0200461363	0	100	0	0	3
1905	527	0	1.2458466	-2.50628997e-09	-8.93701447e-09	-5.41148318e-07	6.62697607e-07	2.46132753e-08	0.0203952242	0	100	0	0	3
1910	528	0	1.24911654	2.82280968e-07	-7.10591683e-09	-5.41148318e-07	6.62697607e-07	2.46132753e-08	0.0200487582	0	100	0	0	3
1915	530	0	1.25238648	-3.21005664e-09	-7.72189983e-09	-5.41148318e-07	6.62697607e-07	2.46132753e-08	0.0205210105	0	100	0	0	3
1920	531	0	1.25565642	7.86378861e-08	-7.0242521e-09	-5.41148318e-07	6.62697607e-07	2.46132753e-08	0.0201151797	0	100	0	0	3
1925	533	0	1.25892635	-1.24090506e-07	-1.21666581e-08	-5.41148318e-07	5.80054145e-07	2.46132753e-08	0.0207250065	0	100	0	0	3
1930	534	0	1.26219629	2.7591888e-07	-1.03927684e-08	-5.41148318e-07	5.80054145e-07	2.46132753e-08	0.0203640892	0	100	0	0	3
1935	536	0	1.26546623	-9.49470538e-08	-1.13558068e-08	-5.41148318e-07	5.80054145e-07	2.46132753e-08	0.0205755467	0	100	0	0	3
1940	537	0	1.26873617	-2.58174928e-07	-1.27498384e-08	-5.41148318e-07	5.80054145e-07	2.46132753e-08	0.0200244264	0	100	0	0	3
1945	539	0	1.27200611	-1.04920533e-07	-1.38528346e-08	-5.41148318e-07	5.80054145e-07	2.46132753e-08	0.020245428	0	100	0	0	3
1950	540	0	1.27527605	-5.12227616e-08	-1.37492091e-08	-5.41148318e-07	5.80054145e-07	2.46132753e-08	0.0202136201	0	100	0	0	3
1955	542	0	1.27854599	-4.45404543e-07	-1.53351488e-08	-5.41148318e-07	5.80054145e-07	2.49659928e-08	0.0204406218	0	100	0	0	3
1960	543	0	1.28181592	2.64501005e-08	-1.50717347e-08	-5.41148318e-07	5.80054145e-07	2.49659928e-08	0.0201738988	0	100	0	0	3
1965	545	0	1.28508586	4.35980437e-09	-1.64959998e-08	-5.41148318e-07	5.80054145e-07	2.61268439e-08	0.0207000576	0	100	0	0	3
1970	546	0	1.2883558	4.76912921e-08	-1.65663086e-08	-5.41148318e-07	5.80054145e-07	2.61971526e-08	0.0202703641	0	100	0	0	3
1975	548	0	1.29162574	-4.05222123e-08	-1.74291464e-08	-5.41148318e-07	5.80054145e-07	2.70599904e-08	0.0206301942	0	100	0	0	3
1980	549	0	1.29489568	9.5692132e-08	-1.65613448e-08	-5.41148318e-07	5.80054145e-07	2.70599904e-08	0.0202720132	0	100	0	0	3
1985	551	0	1.29816562	-4.73403638e-08	-1.93939567e-08	-5.41148318e-07	5.80054145e-07	2.90248007e-08	0.0208469344	0	100	0	0	3
1990	552	0	1.30143556	3.85177626e-08	-1.84458437e-08	-5.41148318e-07	5.80054145e-07	2.90248007e-08	0.0204965142	0	100	0	0	3
1995	554	0	1.30470549	-3.69787201e-08	-1.74465809e-08	-5.41148318e-07	5.80054145e-07	2.90248007e-08	0.0203446567	0	100	0	0	3
2000	555	0	1.30797543	1.42868417e-08	-1.60705015e-08	-5.41148318e-07	5.80054145e-07	2.90248007e-08	0.0202946536	0	100	0	0	3
2005	557	0	1.31124537	-6.82655233e-08	-1.62016139e-08	-5.41148318e-07	5.80054145e-07	2.90248007e-08	0.0206943156	0	100	0	0	3
2010	558	0	1.31451531	-1.31915585e-07	-1.66218371e-08	-5.41148318e-07	5.80054145e-07	2.90248007e-08	0.0200931542	0	100	0	0	3
2015	560	0	1.31778525	-7.41661225e-09	-1.67314289e-08	-5.41148318e-07	5.80054145e-07	2.90248007e-08	0.0205769468	0	100	0	0	3
2020	561	0	1.32105519	2.1422715e-07	-1.52356284e-08	-5.41148318e-07	5.80054145e-07	2.90248007e-08	0.0202918672	0	100	0	0	3
2025	563	0	1.32432513	-3.50782903e-07	-1.80845682e-08	-5.41148318e-07	5.80054145e-07	2.90248007e-08	0.020583858	0	100	0	0	3
2030	564	0	1.32759506	5.11887263e-08	-1.72312232e-08	-5.41148318e-07	5.80054145e-07	2.90248007e-08	0.0203679371	0	100	0	0	3
2035	566	0	1.330865	-4.98091899e-07	-2.32465861e-08	-5.41148318e-07	5.80054145e-07	3.24434678e-08	0.020796058	0	100	0	0	3
2040	567	0	1.33413494	3.08011187e-07	-2.07378731e-08	-5.41148318e-07	5.80054145e-07	3.24434678e-08	0.0203922859	0	100	0	0	3
2045	569	0	1.33740488	-1.7054769e-07	-2.19579394e-08	-5.41148318e-07	5.80054145e-07	3.24434678e-08	0.0205228301	0	100	0	0	3
2050	570	0	1.34067482	1.66982701e-08	-2.14296581e-08	-5.41148318e-07	5.80054145e-07	3.24434678e-08	0.020175176	0	100	0	0	3
2055	572	0	1.34394476	-9.00476893e-08	-2.21926611e-08	-5.41148318e-07	5.80054145e-07	3.20664238e-08	0.0204977735	0	100	0	0	3
2060	573	0	1.3472147	-5.64046007e-08	-2.19851905e-08	-5.41148318e-07	5.80054145e-07	3.20664238e-08	0.02010046	0	100	0	0	3
2065	575	0	1.35048463	-3.87162355e-07	-2.4278582e-08	-5.41148318e-07	5.80054145e-07	3.17657928e-08	0.0204192599	0	100	0	0	3
2070	576	0	1.35375457	9.8505033e-09	-2.41492106e-08	-5.41148318e-07	5.80054145e-07	3.17657928e-08	0.0200205927	0	100	0	0	3
2075	578	0	1.35702451	2.76924506e-09	-2.44822239e-08	-5.41148318e-07	5.80054145e-07	3.19694348e-08	0.0206985461	0	100	0	0	3
2080	579	0	1.36029445	9.03849334e-08	-2.38712934e-08	-5.41148318e-07	5.80054145e-07	3.19694348e-08	0.0202195468	0	100	0	0	3
2085	581	0	1.36356439	2.45467282e-07	-2.26180928e-08	-5.41148318e-07	5.80054145e-07	3.19694348e-08	0.0205739309	0	100	0	0	3
2090	582	0	1.36683433	8.91961698e-08	-2.08558416e-08	-5.41148318e-07	5.80054145e-07	3.19694348e-08	0.0202865215	0	100	0	0	3
2095	584	0	1.37010427	-2.20604681e-08	-2.26197532e-08	-5.41148318e-07	5.80054145e-07	3.16036893e-08	0.0206135619	0	100	0	0	3
2100	585	0	1.3733742	1.00848658e-08	-2.24540439e-08	-5.41148318e-07	5.80054145e-07	3.15859458e-08	0.0201097456	0	100	0	0	3
2105	587	0	1.37664414	-1.30848889e-08	-2.17672385e-08	-5.41148318e-07	5.80054145e-07	3.15859458e-08	0.0204065335	0	100	0	0	3
2110	588	0	1.37991408	-7.21826352e-09	-2.10855502e-08	-5.41148318e-07	5.80054145e-07	3.15859458e-08	0.0200438815	0	100	0	0	3
2115	590	0	1.38318402	-8.89520535e-08	-2.14190444e-08	-5.41148318e-07	5.80054145e-07	3.15859458e-08	0.0208194898	0	100	0	0	3
2120	591	0	1.38645396	-1.64854762e-08	-1.947972e-08	-5.41148318e-07	5.80054145e-07	3.15859458e-08	0.0200701577	0	100	0	0	3
2125	593	0	1.3897239	-4.84572068e-09	-1.95876948e-08	-5.41148318e-07	5.80054145e-07	3.15859458e-08	0.020602808	0	100	0	0	3
2130	594	0	1.39299384	7.23804235e-08	-1.91393323e-08	-5.41148318e-07	5.80054145e-07	3.15859458e-08	0.0200827935	0	100	0	0	3
2135	596	0	1.39626377	-8.3518248e-08	-2.02286071e-08	-5.41148318e-07	5.80054145e-07	3.15859458e-08	0.0207767219	0	100	0	0	3
2140	597	0	1.39953371	5.64540881e-08	-1.92422808e-08	-5.41148318e-07	5.80054145e-07	3.15859458e-08	0.0202044506	0	100	0	0	3
2145	599	0	1.40280365	2.44920093e-08	-1.96589101e-08	-5.41148318e-07	5.80054145e-07	3.10566523e-08	0.0205047044	0	100	0	0	3
2150	600	0	1.40607359	2.58527865e-07	-1.75622276e-08	-5.41148318e-07	5.80054145e-07	3.03670988e-08	0.0202784436	0	100	0	0	3
2155	601	0	1.40934353	-3.09472233e-08	-1.77959264e-08	-5.41148318e-07	5.80054145e-07	3.03670988e-08	0.020983196	0	100	0	0	3
2160	602	0	1.41261347	-7.70726758e-08	-1.8021125e-08	-5.41148318e-07	5.80054145e-07	3.03670988e-08	0.0202511786	0	100	0	0	3
2165	604	0	1.41588341	-1.56867105e-07	-1.93726907e-08	-5.41148318e-07	5.80054145e-07	3.03670988e-08	0.0202962205	0	100	0	0	3
2170	605	0	1.41915334	-4.72451246e-07	-2.18055102e-08	-5.41148318e-07	5.80054145e-07	3.03670988e-08	0.0200860919	0	100	0	0	3
2175	606	0	1.42242328	-3.52368498e-08	-2.19768326e-08	-5.41148318e-07	5.80054145e-07	3.03670988e-08	0.0207128634	0	100	0	0	3
2180	607	0	1.42569322	2.95546422e-08	-2.17607364e-08	-5.41148318e-07	5.80054145e-07	3.03670988e-08	0.0200325467	0	100	0	0	3
2185	609	0	1.42896316	-1.01674487e-08	-2.23482878e-08	-5.41148318e-07	5.80054145e-07	3.03670988e-08	0.0205285695	0	100	0	0	3
2190	610	0	1.4322331	5.92587616e-07	-1.78212227e-08	-5.41148318e-07	5.92587616e-07	3.03670988e-08	0.0203823169	0	100	0	0	3
2195	611	0	1.43550304	-2.4235952e-07	-2.31964754e-08	-5.41148318e-07	5.92587616e-07	3.03670988e-08	0.0210623858	0	100	0	0	3
2200	612	0	1.43877298	7.07055756e-08	-2.23017806e-08	-5.41148318e-07	5.92587616e-07	3.03670988e-08	0.0202024666	0	100	0	0	3
