Iteration	CPUTime	PhysTime	Travels	Value	AvValue	MinValue	MaxValue	Delta	Criteria	PrevAvRefValue	Progress	CriteriaType	CriteriaVarType	CriteriaPercentage
1	3	0	0.0166116817	0	0	0	0	0	0	0	0	0	0	3
2	4	0	0.0332233635	0	0	0	0	0	0	0	0	0	0	3
3	4	0	0.0498350452	0	0	0	0	0	0	0	0	0	0	3
4	4	0	0.0664467269	0	0	0	0	0	0	0	0	0	0	3
5	5	0	0.0830584087	0	0	0	0	0	0	0	0	0	0	3
6	5	0	0.0996700904	0	0	0	0	0	0	0	0	0	0	3
7	6	0	0.116281772	0	0	0	0	0	0	0	0	0	0	3
8	6	0	0.132893454	0	0	0	0	0	0	0	0	0	0	3
9	7	0	0.149505136	0	0	0	0	0	0	0	0	0	0	3
10	7	0	0.166116817	0	0	0	0	0	0	0	0	0	0	3
11	7	0	0.182728499	0	0	0	0	0	0	0	0	0	0	3
12	8	0	0.199340181	0	0	0	0	0	0	0	0	0	0	3
13	8	0	0.215951863	0	0	0	0	0	0	0	0	0	0	3
14	9	0	0.232563544	0	0	0	0	0	0	0	0	0	0	3
15	9	0	0.249175226	0	0	0	0	0	0	0	0	0	0	3
16	10	0	0.265786908	0	0	0	0	0	0	0	0	0	0	3
17	10	0	0.28239859	0	0	0	0	0	0	0	0	0	0	3
18	11	0	0.299010271	0	0	0	0	0	0	0	0	0	0	3
19	11	0	0.315621953	0	0	0	0	0	0	0	0	0	0	3
20	12	0	0.332233635	0	0	0	0	0	0	0	0	0	0	3
21	12	0	0.348845316	0	0	0	0	0	0	0	0	0	0	3
22	13	0	0.365456998	0	0	0	0	0	0	0	0	0	0	3
23	13	0	0.38206868	0	0	0	0	0	0	0	0	0	0	3
24	14	0	0.398680362	0	0	0	0	0	0	0	0	0	0	3
25	14	0	0.415292043	0	0	0	0	0	0	0	0	0	0	3
26	14	0	0.431903725	0	0	0	0	0	0	0	0	0	0	3
27	15	0	0.448515407	0	0	0	0	0	0	0	0	0	0	3
28	15	0	0.465127089	0	0	0	0	0	0	0	0	0	0	3
29	16	0	0.48173877	0	0	0	0	0	0	0	0	0	0	3
30	16	0	0.498350452	0	0	0	0	0	0	0	0	0	0	3
31	17	0	0.514962134	0	0	0	0	0	0	0	0	0	0	3
32	17	0	0.531573816	0	0	0	0	0	0	0	0	0	0	3
33	17	0	0.548185497	0	0	0	0	0	0	0	0	0	0	3
34	18	0	0.564797179	0	0	0	0	0	0	0	0	0	0	3
35	18	0	0.581408861	0	0	0	0	0	0	0	0	0	0	3
36	19	0	0.598020542	0	0	0	0	0	0	0	0	0	0	3
37	19	0	0.614632224	0	0	0	0	0	0	0	0	0	0	3
38	20	0	0.631243906	0	0	0	0	0	0	0	0	0	0	3
39	20	0	0.647855588	0	0	0	0	0	0	0	0	0	0	3
40	21	0	0.664467269	0	0	0	0	0	0	0	0	0	0	3
41	21	0	0.681078951	0	0	0	0	0	0	0	0	0	0	3
42	22	0	0.697690633	0	0	0	0	0	0	0	0	0	0	3
43	22	0	0.714302315	0	0	0	0	0	0	0	0	0	0	3
44	23	0	0.730913996	0	0	0	0	0	0	0	0	0	0	3
45	23	0	0.747525678	0	0	0	0	0	0	0	0	0	0	3
46	24	0	0.76413736	0	0	0	0	0	0	0	0	0	0	3
47	24	0	0.780749042	0	0	0	0	0	0	0	0	0	0	3
48	24	0	0.797360723	0	0	0	0	0	0	0	0	0	0	3
49	25	0	0.813972405	0	0	0	0	0	0	0	0	0	0	3
50	25	0	0.830584087	0	0	0	0	0	0	0	0	0	0	3
51	26	0	0.847195769	0	0	0	0	0	0	0	0	0	0	3
52	26	0	0.86380745	0	0	0	0	0	0	0	0	0	0	3
53	26	0	0.880419132	0	0	0	0	0	0	0	0	0	0	3
54	27	0	0.897030814	0	0	0	0	0	0	0	0	0	0	3
55	27	0	0.913642495	0	0	0	0	0	0	0	0	0	0	3
56	28	0	0.930254177	0	0	0	0	0	0	0	0	0	0	3
57	28	0	0.946865859	0	0	0	0	0	0	0	0	0	0	3
58	29	0	0.963477541	0	0	0	0	0	0	0	0	0	0	3
59	29	0	0.980089222	0	0	0	0	0	0	0	0	0	0	3
60	29	0	0.996700904	0	0	0	0	0	0	0	0	0	0	3
61	30	0	1.01331259	0	0	0	0	0	5e-06	0	100	0	0	3
62	30	0	1.02992427	0	0	0	0	0	5e-06	0	100	0	0	3
63	31	0	1.04653595	0	0	0	0	0	5e-06	0	100	0	0	3
64	31	0	1.06314763	0	0	0	0	0	5e-06	0	100	0	0	3
65	31	0	1.07975931	0	0	0	0	0	5e-06	0	100	0	0	3
66	32	0	1.09637099	0	0	0	0	0	5e-06	0	100	0	0	3
67	32	0	1.11298268	0	0	0	0	0	5e-06	0	100	0	0	3
68	33	0	1.12959436	0	0	0	0	0	5e-06	0	100	0	0	3
69	33	0	1.14620604	0	0	0	0	0	5e-06	0	100	0	0	3
70	34	0	1.16281772	0	0	0	0	0	5e-06	0	100	0	0	3
71	34	0	1.1794294	0	0	0	0	0	5e-06	0	100	0	0	3
72	34	0	1.19604108	0	0	0	0	0	5e-06	0	100	0	0	3
73	35	0	1.21265277	0	0	0	0	0	5e-06	0	100	0	0	3
74	35	0	1.22926445	0	0	0	0	0	5e-06	0	100	0	0	3
75	36	0	1.24587613	0	0	0	0	0	5e-06	0	100	0	0	3
76	36	0	1.26248781	0	0	0	0	0	5e-06	0	100	0	0	3
77	37	0	1.27909949	0	0	0	0	0	5e-06	0	100	0	0	3
78	37	0	1.29571118	0	0	0	0	0	5e-06	0	100	0	0	3
79	37	0	1.31232286	0	0	0	0	0	5e-06	0	100	0	0	3
80	38	0	1.32893454	0	0	0	0	0	5e-06	0	100	0	0	3
81	38	0	1.34554622	0	0	0	0	0	5e-06	0	100	0	0	3
82	39	0	1.3621579	0	0	0	0	0	5e-06	0	100	0	0	3
83	39	0	1.37876958	0	0	0	0	0	5e-06	0	100	0	0	3
84	39	0	1.39538127	0	0	0	0	0	5e-06	0	100	0	0	3
85	40	0	1.41199295	0	0	0	0	0	5e-06	0	100	0	0	3
86	40	0	1.42860463	0	0	0	0	0	5e-06	0	100	0	0	3
87	41	0	1.44521631	0	0	0	0	0	5e-06	0	100	0	0	3
88	41	0	1.46182799	0	0	0	0	0	5e-06	0	100	0	0	3
89	42	0	1.47843967	0	0	0	0	0	5e-06	0	100	0	0	3
90	42	0	1.49505136	0	0	0	0	0	5e-06	0	100	0	0	3
91	42	0	1.51166304	0	0	0	0	0	5e-06	0	100	0	0	3
92	43	0	1.52827472	0	0	0	0	0	5e-06	0	100	0	0	3
93	43	0	1.5448864	0	0	0	0	0	5e-06	0	100	0	0	3
94	44	0	1.56149808	0	0	0	0	0	5e-06	0	100	0	0	3
95	44	0	1.57810976	0	0	0	0	0	5e-06	0	100	0	0	3
96	45	0	1.59472145	0	0	0	0	0	5e-06	0	100	0	0	3
97	45	0	1.61133313	0	0	0	0	0	5e-06	0	100	0	0	3
98	45	0	1.62794481	0	0	0	0	0	5e-06	0	100	0	0	3
99	46	0	1.64455649	0	0	0	0	0	5e-06	0	100	0	0	3
100	46	0	1.66116817	0	0	0	0	0	5e-06	0	100	0	0	3
101	47	0	1.67777986	0	0	0	0	0	5e-06	0	100	0	0	3
102	47	0	1.69439154	0	0	0	0	0	5e-06	0	100	0	0	3
103	48	0	1.71100322	0	0	0	0	0	5e-06	0	100	0	0	3
104	48	0	1.7276149	0	0	0	0	0	5e-06	0	100	0	0	3
105	49	0	1.74422658	0	0	0	0	0	5e-06	0	100	0	0	3
106	49	0	1.76083826	0	0	0	0	0	5e-06	0	100	0	0	3
107	49	0	1.77744995	0	0	0	0	0	5e-06	0	100	0	0	3
108	50	0	1.79406163	0	0	0	0	0	5e-06	0	100	0	0	3
109	50	0	1.81067331	0	0	0	0	0	5e-06	0	100	0	0	3
110	51	0	1.82728499	0	0	0	0	0	5e-06	0	100	0	0	3
111	51	0	1.84389667	0	0	0	0	0	5e-06	0	100	0	0	3
112	51	0	1.86050835	0	0	0	0	0	5e-06	0	100	0	0	3
113	52	0	1.87712004	0	0	0	0	0	5e-06	0	100	0	0	3
114	52	0	1.89373172	0	0	0	0	0	5e-06	0	100	0	0	3
115	53	0	1.9103434	0	0	0	0	0	5e-06	0	100	0	0	3
116	53	0	1.92695508	0	0	0	0	0	5e-06	0	100	0	0	3
117	53	0	1.94356676	0	0	0	0	0	5e-06	0	100	0	0	3
118	54	0	1.96017844	0	0	0	0	0	5e-06	0	100	0	0	3
119	54	0	1.97679013	0	0	0	0	0	5e-06	0	100	0	0	3
120	55	0	1.99340181	0	0	0	0	0	5e-06	0	100	0	0	3
121	55	0	2.01001349	0	0	0	0	0	5e-06	0	100	0	0	3
122	55	0	2.02662517	0	0	0	0	0	5e-06	0	100	0	0	3
123	56	0	2.04323685	0	0	0	0	0	5e-06	0	100	0	0	3
124	56	0	2.05984854	0	0	0	0	0	5e-06	0	100	0	0	3
125	57	0	2.07646022	0	0	0	0	0	5e-06	0	100	0	0	3
126	57	0	2.0930719	0	0	0	0	0	5e-06	0	100	0	0	3
127	57	0	2.10968358	0	0	0	0	0	5e-06	0	100	0	0	3
128	58	0	2.12629526	0	0	0	0	0	5e-06	0	100	0	0	3
129	58	0	2.14290694	0	0	0	0	0	5e-06	0	100	0	0	3
130	59	0	2.15951863	0	0	0	0	0	5e-06	0	100	0	0	3
131	59	0	2.17613031	0	0	0	0	0	5e-06	0	100	0	0	3
132	60	0	2.19274199	0	0	0	0	0	5e-06	0	100	0	0	3
133	60	0	2.20935367	0	0	0	0	0	5e-06	0	100	0	0	3
134	61	0	2.22596535	0	0	0	0	0	5e-06	0	100	0	0	3
135	61	0	2.24257703	0	0	0	0	0	5e-06	0	100	0	0	3
136	61	0	2.25918872	0	0	0	0	0	5e-06	0	100	0	0	3
137	62	0	2.2758004	0	0	0	0	0	5e-06	0	100	0	0	3
138	62	0	2.29241208	0	0	0	0	0	5e-06	0	100	0	0	3
139	63	0	2.30902376	0	0	0	0	0	5e-06	0	100	0	0	3
140	63	0	2.32563544	0	0	0	0	0	5e-06	0	100	0	0	3
141	64	0	2.34224712	0	0	0	0	0	5e-06	0	100	0	0	3
142	64	0	2.35885881	0	0	0	0	0	5e-06	0	100	0	0	3
143	65	0	2.37547049	0	0	0	0	0	5e-06	0	100	0	0	3
144	65	0	2.39208217	0	0	0	0	0	5e-06	0	100	0	0	3
145	65	0	2.40869385	0	0	0	0	0	5e-06	0	100	0	0	3
146	66	0	2.42530553	0	0	0	0	0	5e-06	0	100	0	0	3
147	66	0	2.44191722	0	0	0	0	0	5e-06	0	100	0	0	3
148	67	0	2.4585289	0	0	0	0	0	5e-06	0	100	0	0	3
149	67	0	2.47514058	0	0	0	0	0	5e-06	0	100	0	0	3
150	68	0	2.49175226	0	0	0	0	0	5e-06	0	100	0	0	3
151	68	0	2.50836394	0	0	0	0	0	5e-06	0	100	0	0	3
152	68	0	2.52497562	0	0	0	0	0	5e-06	0	100	0	0	3
153	69	0	2.54158731	0	0	0	0	0	5e-06	0	100	0	0	3
154	69	0	2.55819899	0	0	0	0	0	5e-06	0	100	0	0	3
155	70	0	2.57481067	0	0	0	0	0	5e-06	0	100	0	0	3
156	70	0	2.59142235	0	0	0	0	0	5e-06	0	100	0	0	3
157	71	0	2.60803403	0	0	0	0	0	5e-06	0	100	0	0	3
158	71	0	2.62464571	0	0	0	0	0	5e-06	0	100	0	0	3
159	72	0	2.6412574	0	0	0	0	0	5e-06	0	100	0	0	3
160	72	0	2.65786908	0	0	0	0	0	5e-06	0	100	0	0	3
161	72	0	2.67448076	0	0	0	0	0	5e-06	0	100	0	0	3
162	73	0	2.69109244	0	0	0	0	0	5e-06	0	100	0	0	3
163	73	0	2.70770412	0	0	0	0	0	5e-06	0	100	0	0	3
164	74	0	2.7243158	0	0	0	0	0	5e-06	0	100	0	0	3
165	74	0	2.74092749	0	0	0	0	0	5e-06	0	100	0	0	3
166	74	0	2.75753917	0	0	0	0	0	5e-06	0	100	0	0	3
167	75	0	2.77415085	0	0	0	0	0	5e-06	0	100	0	0	3
168	75	0	2.79076253	0	0	0	0	0	5e-06	0	100	0	0	3
169	76	0	2.80737421	0	0	0	0	0	5e-06	0	100	0	0	3
170	76	0	2.8239859	0	0	0	0	0	5e-06	0	100	0	0	3
171	77	0	2.84059758	0	0	0	0	0	5e-06	0	100	0	0	3
172	77	0	2.85720926	0	0	0	0	0	5e-06	0	100	0	0	3
173	77	0	2.87382094	0	0	0	0	0	5e-06	0	100	0	0	3
174	78	0	2.89043262	0	0	0	0	0	5e-06	0	100	0	0	3
175	78	0	2.9070443	0	0	0	0	0	5e-06	0	100	0	0	3
176	79	0	2.92365599	0	0	0	0	0	5e-06	0	100	0	0	3
177	79	0	2.94026767	0	0	0	0	0	5e-06	0	100	0	0	3
178	79	0	2.95687935	0	0	0	0	0	5e-06	0	100	0	0	3
179	80	0	2.97349103	0	0	0	0	0	5e-06	0	100	0	0	3
180	80	0	2.99010271	0	0	0	0	0	5e-06	0	100	0	0	3
181	81	0	3.00671439	0	0	0	0	0	5e-06	0	100	0	0	3
182	81	0	3.02332608	0	0	0	0	0	5e-06	0	100	0	0	3
183	82	0	3.03993776	0	0	0	0	0	5e-06	0	100	0	0	3
184	82	0	3.05654944	0	0	0	0	0	5e-06	0	100	0	0	3
185	82	0	3.07316112	0	0	0	0	0	5e-06	0	100	0	0	3
186	83	0	3.0897728	0	0	0	0	0	5e-06	0	100	0	0	3
187	83	0	3.10638448	0	0	0	0	0	5e-06	0	100	0	0	3
188	84	0	3.12299617	0	0	0	0	0	5e-06	0	100	0	0	3
189	84	0	3.13960785	0	0	0	0	0	5e-06	0	100	0	0	3
190	84	0	3.15621953	0	0	0	0	0	5e-06	0	100	0	0	3
191	85	0	3.17283121	0	0	0	0	0	5e-06	0	100	0	0	3
192	85	0	3.18944289	0	0	0	0	0	5e-06	0	100	0	0	3
193	86	0	3.20605457	0	0	0	0	0	5e-06	0	100	0	0	3
194	86	0	3.22266626	0	0	0	0	0	5e-06	0	100	0	0	3
195	86	0	3.23927794	0	0	0	0	0	5e-06	0	100	0	0	3
196	87	0	3.25588962	0	0	0	0	0	5e-06	0	100	0	0	3
197	87	0	3.2725013	0	0	0	0	0	5e-06	0	100	0	0	3
198	88	0	3.28911298	0	0	0	0	0	5e-06	0	100	0	0	3
199	88	0	3.30572467	0	0	0	0	0	5e-06	0	100	0	0	3
200	89	0	3.32233635	0	0	0	0	0	5e-06	0	100	0	0	3
201	90	0	3.33894803	0	0	0	0	0	5e-06	0	100	0	0	3
202	90	0	3.35555971	0	0	0	0	0	5e-06	0	100	0	0	3
203	91	0	3.37217139	0	0	0	0	0	5e-06	0	100	0	0	3
204	91	0	3.38878307	0	0	0	0	0	5e-06	0	100	0	0	3
205	91	0	3.40539476	0	0	0	0	0	5e-06	0	100	0	0	3
206	92	0	3.42200644	0	0	0	0	0	5e-06	0	100	0	0	3
207	92	0	3.43861812	0	0	0	0	0	5e-06	0	100	0	0	3
208	93	0	3.4552298	0	0	0	0	0	5e-06	0	100	0	0	3
209	93	0	3.47184148	0	0	0	0	0	5e-06	0	100	0	0	3
210	93	0	3.48845316	0	0	0	0	0	5e-06	0	100	0	0	3
211	94	0	3.50506485	0	0	0	0	0	5e-06	0	100	0	0	3
212	94	0	3.52167653	0	0	0	0	0	5e-06	0	100	0	0	3
213	95	0	3.53828821	0	0	0	0	0	5e-06	0	100	0	0	3
214	95	0	3.55489989	0	0	0	0	0	5e-06	0	100	0	0	3
215	95	0	3.57151157	0	0	0	0	0	5e-06	0	100	0	0	3
216	96	0	3.58812325	0	0	0	0	0	5e-06	0	100	0	0	3
217	96	0	3.60473494	0	0	0	0	0	5e-06	0	100	0	0	3
218	97	0	3.62134662	0	0	0	0	0	5e-06	0	100	0	0	3
219	97	0	3.6379583	0	0	0	0	0	5e-06	0	100	0	0	3
220	98	0	3.65456998	0	0	0	0	0	5e-06	0	100	0	0	3
221	98	0	3.67118166	0	0	0	0	0	5e-06	0	100	0	0	3
222	98	0	3.68779335	0	0	0	0	0	5e-06	0	100	0	0	3
223	99	0	3.70440503	0	0	0	0	0	5e-06	0	100	0	0	3
224	99	0	3.72101671	0	0	0	0	0	5e-06	0	100	0	0	3
225	100	0	3.73762839	0	0	0	0	0	5e-06	0	100	0	0	3
226	100	0	3.75424007	0	0	0	0	0	5e-06	0	100	0	0	3
227	101	0	3.77085175	0	0	0	0	0	5e-06	0	100	0	0	3
228	101	0	3.78746344	0	0	0	0	0	5e-06	0	100	0	0	3
229	101	0	3.80407512	0	0	0	0	0	5e-06	0	100	0	0	3
230	102	0	3.8206868	0	0	0	0	0	5e-06	0	100	0	0	3
231	102	0	3.83729848	0	0	0	0	0	5e-06	0	100	0	0	3
232	103	0	3.85391016	0	0	0	0	0	5e-06	0	100	0	0	3
233	103	0	3.87052184	0	0	0	0	0	5e-06	0	100	0	0	3
234	103	0	3.88713353	0	0	0	0	0	5e-06	0	100	0	0	3
235	104	0	3.90374521	0	0	0	0	0	5e-06	0	100	0	0	3
236	104	0	3.92035689	0	0	0	0	0	5e-06	0	100	0	0	3
237	105	0	3.93696857	0	0	0	0	0	5e-06	0	100	0	0	3
238	105	0	3.95358025	0	0	0	0	0	5e-06	0	100	0	0	3
239	105	0	3.97019193	0	0	0	0	0	5e-06	0	100	0	0	3
240	106	0	3.98680362	0	0	0	0	0	5e-06	0	100	0	0	3
241	106	0	4.0034153	0	0	0	0	0	5e-06	0	100	0	0	3
