Iteration	CPUTime	PhysTime	Travels	Value	AvValue	MinValue	MaxValue	Delta	Criteria	PrevAvRefValue	Progress	CriteriaType	CriteriaVarType	CriteriaPercentage
1	3	0	0.0166116817	7.79236627e-07	7.79236627e-07	7.79236627e-07	7.79236627e-07	0	0	0	0	0	0	3
2	4	0	0.0332233635	-0.000288891517	-0.00014405614	-0.000288891517	7.79236627e-07	0.000144835377	0	0	0	0	0	3
3	4	0	0.0498350452	0.000137057869	-5.03514704e-05	-0.000288891517	0.000137057869	0.000144835377	0	0	0	0	0	3
4	4	0	0.0664467269	3.23347195e-05	-2.9679923e-05	-0.000288891517	0.000137057869	0.000144835377	0	0	0	0	0	3
5	5	0	0.0830584087	2.84112012e-06	-2.31757143e-05	-0.000288891517	0.000137057869	0.000144835377	0	0	0	0	0	3
6	5	0	0.0996700904	8.55172466e-08	-1.92988424e-05	-0.000288891517	0.000137057869	0.000144835377	0	0	0	0	0	3
7	6	0	0.116281772	-2.10299323e-07	-1.65719077e-05	-0.000288891517	0.000137057869	0.000144835377	0	0	0	0	0	3
8	6	0	0.132893454	-2.96627346e-08	-1.45041271e-05	-0.000288891517	0.000137057869	0.000144835377	0	0	0	0	0	3
9	7	0	0.149505136	3.19187149e-09	-1.28922027e-05	-0.000288891517	0.000137057869	0.000144835377	0	0	0	0	0	3
10	7	0	0.166116817	4.69222425e-08	-1.15982902e-05	-0.000288891517	0.000137057869	0.000144835377	0	0	0	0	0	3
11	7	0	0.182728499	6.81857289e-08	-1.05377015e-05	-0.000288891517	0.000137057869	0.000144835377	0	0	0	0	0	3
12	8	0	0.199340181	1.24024428e-07	-9.64922436e-06	-0.000288891517	0.000137057869	0.000144835377	0	0	0	0	0	3
13	8	0	0.215951863	1.25532253e-07	-8.89732e-06	-0.000288891517	0.000137057869	0.000144835377	0	0	0	0	0	3
14	9	0	0.232563544	1.16004001e-07	-8.25351114e-06	-0.000288891517	0.000137057869	0.000144835377	0	0	0	0	0	3
15	9	0	0.249175226	1.03691153e-07	-7.69636432e-06	-0.000288891517	0.000137057869	0.000144835377	0	0	0	0	0	3
16	10	0	0.265786908	9.87258562e-08	-7.20917119e-06	-0.000288891517	0.000137057869	0.000144835377	0	0	0	0	0	3
17	10	0	0.28239859	2.0475654e-07	-6.77305779e-06	-0.000288891517	0.000137057869	0.000144835377	0	0	0	0	0	3
18	11	0	0.299010271	1.91594479e-07	-6.38613267e-06	-0.000288891517	0.000137057869	0.000144835377	0	0	0	0	0	3
19	11	0	0.315621953	1.85488532e-07	-6.04025787e-06	-0.000288891517	0.000137057869	0.000144835377	0	0	0	0	0	3
20	12	0	0.332233635	1.53979149e-07	-5.73054602e-06	-0.000288891517	0.000137057869	0.000144835377	0	0	0	0	0	3
21	12	0	0.348845316	1.53774613e-07	-5.45034027e-06	-0.000288891517	0.000137057869	0.000144835377	0	0	0	0	0	3
22	13	0	0.365456998	2.42396316e-07	-5.19157952e-06	-0.000288891517	0.000137057869	0.000144835377	0	0	0	0	0	3
23	13	0	0.38206868	2.34109381e-07	-4.95568e-06	-0.000288891517	0.000137057869	0.000144835377	0	0	0	0	0	3
24	14	0	0.398680362	1.09585934e-07	-4.74462725e-06	-0.000288891517	0.000137057869	0.000144835377	0	0	0	0	0	3
25	14	0	0.415292043	3.62423861e-08	-4.55339247e-06	-0.000288891517	0.000137057869	0.000144835377	0	0	0	0	0	3
26	14	0	0.431903725	-3.33258331e-07	-4.39107962e-06	-0.000288891517	0.000137057869	0.000144835377	0	0	0	0	0	3
27	15	0	0.448515407	-2.00982582e-06	-4.30288503e-06	-0.000288891517	0.000137057869	0.000144835377	0	0	0	0	0	3
28	15	0	0.465127089	-3.07016238e-06	-4.25885922e-06	-0.000288891517	0.000137057869	0.000144835377	0	0	0	0	0	3
29	16	0	0.48173877	-1.65749069e-06	-4.16915686e-06	-0.000288891517	0.000137057869	0.000144835377	0	0	0	0	0	3
30	16	0	0.498350452	-1.54457876e-06	-4.08167092e-06	-0.000288891517	0.000137057869	0.000144835377	0	0	0	0	0	3
31	17	0	0.514962134	-2.92258016e-07	-3.9594318e-06	-0.000288891517	0.000137057869	0.000144835377	0	0	0	0	0	3
32	17	0	0.531573816	-8.94091697e-07	-4.01341013e-06	-0.000288891517	0.000137057869	0.000140096708	0	0	0	0	0	3
33	17	0	0.548185497	-2.98382634e-07	5.29604581e-06	-3.07016238e-06	0.000137057869	5.56475163e-05	0	0	0	0	0	3
34	18	0	0.564797179	-2.47459459e-07	8.66841674e-07	-3.07016238e-06	3.23347195e-05	3.49759688e-05	0	0	0	0	0	3
35	18	0	0.581408861	-3.80239954e-08	-1.77440374e-07	-3.07016238e-06	2.84112012e-06	5.91128249e-06	0	0	0	0	0	3
36	19	0	0.598020542	-1.47339065e-07	-2.73842284e-07	-3.07016238e-06	2.42396316e-07	3.31255869e-06	0	0	0	0	0	3
37	19	0	0.614632224	5.09856185e-08	-2.74956207e-07	-3.07016238e-06	2.42396316e-07	3.31255869e-06	0	0	0	0	0	3
38	20	0	0.631243906	-3.15779192e-08	-2.69191e-07	-3.07016238e-06	2.42396316e-07	3.31255869e-06	0	0	0	0	0	3
39	20	0	0.647855588	4.07527967e-08	-2.66919532e-07	-3.07016238e-06	2.42396316e-07	3.31255869e-06	0	0	0	0	0	3
40	21	0	0.664467269	4.23761856e-08	-2.65655522e-07	-3.07016238e-06	2.42396316e-07	3.31255869e-06	0	0	0	0	0	3
41	21	0	0.681078951	8.45648011e-08	-2.64441245e-07	-3.07016238e-06	2.42396316e-07	3.31255869e-06	0	0	0	0	0	3
42	22	0	0.697690633	3.78400795e-08	-2.65420137e-07	-3.07016238e-06	2.42396316e-07	3.31255869e-06	0	0	0	0	0	3
43	22	0	0.714302315	5.77094756e-08	-2.67559329e-07	-3.07016238e-06	2.42396316e-07	3.31255869e-06	0	0	0	0	0	3
44	23	0	0.730913996	4.63967618e-08	-2.70112087e-07	-3.07016238e-06	2.42396316e-07	3.31255869e-06	0	0	0	0	0	3
45	23	0	0.747525678	6.63540162e-08	-2.717137e-07	-3.07016238e-06	2.42396316e-07	3.31255869e-06	0	0	0	0	0	3
46	24	0	0.76413736	-6.96203443e-07	-2.97516751e-07	-3.07016238e-06	2.42396316e-07	3.31255869e-06	0	0	0	0	0	3
47	24	0	0.780749042	2.34829638e-08	-2.99943941e-07	-3.07016238e-06	2.42396316e-07	3.31255869e-06	0	0	0	0	0	3
48	24	0	0.797360723	-7.72791518e-09	-3.06798278e-07	-3.07016238e-06	2.42396316e-07	3.31255869e-06	0	0	0	0	0	3
49	25	0	0.813972405	5.06980195e-08	-3.11343325e-07	-3.07016238e-06	2.42396316e-07	3.31255869e-06	0	0	0	0	0	3
50	25	0	0.830584087	4.16468296e-09	-3.17192482e-07	-3.07016238e-06	2.42396316e-07	3.31255869e-06	0	0	0	0	0	3
51	26	0	0.847195769	1.72063927e-07	-3.16609102e-07	-3.07016238e-06	2.42396316e-07	3.31255869e-06	0	0	0	0	0	3
52	26	0	0.86380745	2.83080412e-07	-3.12437947e-07	-3.07016238e-06	2.83080412e-07	3.35324279e-06	0	0	0	0	0	3
53	26	0	0.880419132	-1.77216439e-07	-3.25973842e-07	-3.07016238e-06	2.83080412e-07	3.35324279e-06	0	0	0	0	0	3
54	27	0	0.897030814	5.83001735e-08	-3.31645107e-07	-3.07016238e-06	2.83080412e-07	3.35324279e-06	0	0	0	0	0	3
55	27	0	0.913642495	2.29684205e-07	-3.27770969e-07	-3.07016238e-06	2.83080412e-07	3.35324279e-06	0	0	0	0	0	3
56	28	0	0.930254177	1.90096566e-07	-3.22807931e-07	-3.07016238e-06	2.83080412e-07	3.35324279e-06	0	0	0	0	0	3
57	28	0	0.946865859	1.44932153e-07	-3.07382432e-07	-3.07016238e-06	2.83080412e-07	3.35324279e-06	0	0	0	0	0	3
58	29	0	0.963477541	1.17925664e-07	-2.38745287e-07	-3.07016238e-06	2.83080412e-07	3.35324279e-06	0	0	0	0	0	3
59	29	0	0.980089222	3.24604279e-07	-1.29236685e-07	-1.65749069e-06	3.24604279e-07	1.98209497e-06	0	0	0	0	0	3
60	29	0	0.996700904	2.11589999e-07	-6.894376e-08	-1.54457876e-06	3.24604279e-07	1.86918304e-06	0	0	0	0	0	3
61	30	0	1.01331259	2.17307024e-07	-1.21087347e-08	-8.94091697e-07	3.24604279e-07	1.21869598e-06	0.170237614	0	100	0	0	3
62	30	0	1.02992427	1.47963463e-07	2.09195814e-09	-8.94091697e-07	3.24604279e-07	1.21869598e-06	0.168439123	0	100	0	0	3
63	31	0	1.04653595	1.91462103e-07	3.71098226e-08	-6.96203443e-07	3.24604279e-07	1.02080772e-06	0.168034682	0	100	0	0	3
64	31	0	1.06314763	-1.48631264e-07	4.1940512e-08	-6.96203443e-07	3.24604279e-07	1.02080772e-06	0.167102718	0	100	0	0	3
65	31	0	1.07975931	1.21575879e-07	5.38448777e-08	-6.96203443e-07	3.24604279e-07	3.85489985e-07	0.167249905	0	100	0	0	3
66	32	0	1.09637099	1.77120606e-07	6.07850262e-08	-6.96203443e-07	3.24604279e-07	3.92430133e-07	0.165736538	0	100	0	0	3
67	32	0	1.11298268	2.20480756e-07	7.26501817e-08	-6.96203443e-07	3.24604279e-07	4.04295289e-07	0.166843957	0	100	0	0	3
68	33	0	1.12959436	8.13978884e-08	7.36312226e-08	-6.96203443e-07	3.24604279e-07	4.0527633e-07	0.166753482	0	100	0	0	3
69	33	0	1.14620604	8.85329229e-08	7.75057659e-08	-6.96203443e-07	3.24604279e-07	4.09150873e-07	0.167298492	0	100	0	0	3
70	34	0	1.16281772	-1.59313636e-07	7.105201e-08	-6.96203443e-07	3.24604279e-07	4.09150873e-07	0.167475105	0	100	0	0	3
71	34	0	1.1794294	8.28374276e-08	7.23572114e-08	-6.96203443e-07	3.24604279e-07	4.09150873e-07	0.166086887	0	100	0	0	3
72	34	0	1.19604108	2.52011543e-07	7.77587192e-08	-6.96203443e-07	3.24604279e-07	4.09403826e-07	0.167160509	0	100	0	0	3
73	35	0	1.21265277	9.34054619e-08	7.95511509e-08	-6.96203443e-07	3.24604279e-07	4.11196258e-07	0.16532084	0	100	0	0	3
74	35	0	1.22926445	1.19731902e-07	8.15518743e-08	-6.96203443e-07	3.24604279e-07	4.13196982e-07	0.164616228	0	100	0	0	3
75	36	0	1.24587613	-1.59635849e-07	7.49056611e-08	-6.96203443e-07	3.24604279e-07	4.13196982e-07	0.164535813	0	100	0	0	3
76	36	0	1.26248781	-7.31626432e-08	7.04051236e-08	-6.96203443e-07	3.24604279e-07	4.13196982e-07	0.16580738	0	100	0	0	3
77	37	0	1.27909949	-8.91700512e-07	6.40987666e-08	-8.91700512e-07	3.24604279e-07	4.13196982e-07	0.162612307	0	100	0	0	3
78	37	0	1.29571118	1.10782072e-07	6.69148668e-08	-8.91700512e-07	3.24604279e-07	4.13196982e-07	0.16330167	0	100	0	0	3
79	37	0	1.31232286	1.02353826e-08	6.7494328e-08	-8.91700512e-07	3.24604279e-07	4.13196982e-07	0.163726684	0	100	0	0	3
80	38	0	1.32893454	-6.62116251e-08	6.37230492e-08	-8.91700512e-07	3.24604279e-07	4.13196982e-07	0.161214009	0	100	0	0	3
81	38	0	1.34554622	-3.19267697e-08	6.25588088e-08	-8.91700512e-07	3.24604279e-07	4.13196982e-07	0.160100073	0	100	0	0	3
82	39	0	1.3621579	5.58731924e-08	5.88107206e-08	-8.91700512e-07	3.24604279e-07	4.13196982e-07	0.16410471	0	100	0	0	3
83	39	0	1.37876958	-1.00029318e-07	4.64523422e-08	-8.91700512e-07	3.24604279e-07	4.13196982e-07	0.15957177	0	100	0	0	3
84	39	0	1.39538127	5.35725234e-08	5.38971474e-08	-8.91700512e-07	3.24604279e-07	4.13196982e-07	0.159687604	0	100	0	0	3
85	40	0	1.41199295	-6.24989138e-08	5.00004026e-08	-8.91700512e-07	3.24604279e-07	4.09322844e-07	0.159100187	0	100	0	0	3
86	40	0	1.42860463	-2.30609067e-07	3.51522326e-08	-8.91700512e-07	3.24604279e-07	4.04359806e-07	0.156520539	0	100	0	0	3
87	41	0	1.44521631	1.97464781e-07	3.53899169e-08	-8.91700512e-07	3.24604279e-07	3.88934306e-07	0.15658636	0	100	0	0	3
88	41	0	1.46182799	-1.43182627e-07	2.60958918e-08	-8.91700512e-07	3.24604279e-07	3.20297162e-07	0.160169321	0	100	0	0	3
89	42	0	1.47843967	-1.42864978e-08	2.18309833e-08	-8.91700512e-07	3.24604279e-07	2.1078856e-07	0.159029485	0	100	0	0	3
90	42	0	1.49505136	-1.21035713e-07	7.45549969e-09	-8.91700512e-07	2.52011543e-07	1.50495634e-07	0.156421729	0	100	0	0	3
91	42	0	1.51166304	2.94646158e-07	1.01347306e-08	-8.91700512e-07	2.94646158e-07	9.3660609e-08	0.157865985	0	100	0	0	3
92	43	0	1.52827472	-9.03162037e-07	-2.60094327e-08	-9.03162037e-07	2.94646158e-07	1.07561307e-07	0.156846926	0	100	0	0	3
93	43	0	1.5448864	1.9359692e-07	-2.45373857e-08	-9.03162037e-07	2.94646158e-07	1.07561307e-07	0.160862842	0	100	0	0	3
94	44	0	1.56149808	-2.44819316e-06	-1.09687555e-07	-2.44819316e-06	2.94646158e-07	1.9123943e-07	0.155943171	0	100	0	0	3
95	44	0	1.57810976	1.58962947e-07	-9.97651614e-08	-2.44819316e-06	2.94646158e-07	1.9123943e-07	0.15800695	0	100	0	0	3
96	45	0	1.59472145	2.01950811e-08	-1.0303551e-07	-2.44819316e-06	2.94646158e-07	1.9123943e-07	0.158922944	0	100	0	0	3
97	45	0	1.61133313	-1.96232274e-07	-1.15079151e-07	-2.44819316e-06	2.94646158e-07	1.96631025e-07	0.157658852	0	100	0	0	3
98	45	0	1.62794481	-1.95731489e-08	-1.22822825e-07	-2.44819316e-06	2.94646158e-07	2.043747e-07	0.159465097	0	100	0	0	3
99	46	0	1.64455649	-9.73245956e-08	-1.28588067e-07	-2.44819316e-06	2.94646158e-07	2.10139941e-07	0.157518596	0	100	0	0	3
100	46	0	1.66116817	7.66895995e-08	-1.28970109e-07	-2.44819316e-06	2.94646158e-07	2.10521984e-07	0.159679772	0	100	0	0	3
101	47	0	1.67777986	-5.01623008e-08	-1.25449099e-07	-2.44819316e-06	2.94646158e-07	2.10521984e-07	0.158938211	0	100	0	0	3
102	47	0	1.69439154	-1.49586221e-07	-1.32946636e-07	-2.44819316e-06	2.94646158e-07	2.1449851e-07	0.158215874	0	100	0	0	3
103	48	0	1.71100322	8.17573279e-09	-1.40812307e-07	-2.44819316e-06	2.94646158e-07	2.22364181e-07	0.158375864	0	100	0	0	3
104	48	0	1.7276149	-2.51708907e-07	-1.51945029e-07	-2.44819316e-06	2.94646158e-07	2.33496903e-07	0.159332984	0	100	0	0	3
105	49	0	1.74422658	-2.74045045e-06	-2.44208975e-07	-2.74045045e-06	2.94646158e-07	3.19114637e-07	0.155887745	0	100	0	0	3
106	49	0	1.76083826	-5.58437281e-08	-2.40860843e-07	-2.74045045e-06	2.94646158e-07	3.14614099e-07	0.156924161	0	100	0	0	3
107	49	0	1.77744995	1.69270786e-07	-2.33040409e-07	-2.74045045e-06	2.94646158e-07	3.11703304e-07	0.157133922	0	100	0	0	3
108	50	0	1.79406163	-8.45800122e-07	-2.31559752e-07	-2.74045045e-06	2.94646158e-07	3.11703304e-07	0.154869719	0	100	0	0	3
109	50	0	1.81067331	2.1235338e-07	-2.28283258e-07	-2.74045045e-06	2.94646158e-07	3.11703304e-07	0.155577413	0	100	0	0	3
110	51	0	1.82728499	-1.23812883e-07	-2.32607395e-07	-2.74045045e-06	2.94646158e-07	3.07932025e-07	0.153940905	0	100	0	0	3
111	51	0	1.84389667	3.14540004e-07	-2.20325085e-07	-2.74045045e-06	3.14540004e-07	3.06767784e-07	0.155117006	0	100	0	0	3
112	51	0	1.86050835	-1.32915916e-06	-2.62171291e-07	-2.74045045e-06	3.14540004e-07	3.20982011e-07	0.154132724	0	100	0	0	3
113	52	0	1.87712004	1.12491488e-07	-2.60344894e-07	-2.74045045e-06	3.14540004e-07	3.16068438e-07	0.158442576	0	100	0	0	3
114	52	0	1.89373172	-1.53120766e-06	-3.06511938e-07	-2.74045045e-06	3.14540004e-07	3.60409085e-07	0.155494674	0	100	0	0	3
115	53	0	1.9103434	2.93975626e-07	-2.98756999e-07	-2.74045045e-06	3.14540004e-07	3.5651234e-07	0.158989868	0	100	0	0	3
116	53	0	1.92695508	-1.60793393e-06	-3.48609741e-07	-2.74045045e-06	3.14540004e-07	3.83999658e-07	0.155699751	0	100	0	0	3
117	53	0	1.94356676	1.49350142e-07	-3.36352993e-07	-2.74045045e-06	3.14540004e-07	3.83999658e-07	0.156768112	0	100	0	0	3
118	54	0	1.96017844	9.50986141e-08	-3.39655127e-07	-2.74045045e-06	3.14540004e-07	3.74705633e-07	0.156551295	0	100	0	0	3
119	54	0	1.97679013	1.73465562e-07	-3.29440669e-07	-2.74045045e-06	3.14540004e-07	3.70440725e-07	0.160299769	0	100	0	0	3
120	55	0	1.99340181	-3.221519e-05	-1.36817949e-06	-3.221519e-05	3.14540004e-07	1.37831422e-06	0.156415746	0	100	0	0	3
121	55	0	2.01001349	-2.7331119e-08	-1.36515676e-06	-3.221519e-05	3.14540004e-07	1.37831422e-06	0.15668598	0	100	0	0	3
122	55	0	2.02662517	-5.25895232e-08	-1.37635791e-06	-3.221519e-05	3.14540004e-07	1.35182053e-06	0.160047553	0	100	0	0	3
123	56	0	2.04323685	-2.13601175e-06	-1.41612726e-06	-3.221519e-05	3.14540004e-07	1.39158987e-06	0.157097681	0	100	0	0	3
124	56	0	2.05984854	-3.22624893e-08	-1.42341305e-06	-3.221519e-05	3.14540004e-07	1.32364788e-06	0.157389407	0	100	0	0	3
125	57	0	2.07646022	1.12655287e-07	-1.34080503e-06	-3.221519e-05	3.14540004e-07	1.32364788e-06	0.159230283	0	100	0	0	3
126	57	0	2.0930719	-1.05583094e-06	-1.37999193e-06	-3.221519e-05	3.14540004e-07	1.32037754e-06	0.157215068	0	100	0	0	3
127	57	0	2.10968358	5.24725537e-08	-1.37895072e-06	-3.221519e-05	3.14540004e-07	1.30833389e-06	0.158783563	0	100	0	0	3
128	58	0	2.12629526	-8.64130774e-08	-1.37540817e-06	-3.221519e-05	3.14540004e-07	1.30059022e-06	0.15736622	0	100	0	0	3
129	58	0	2.14290694	-5.97385113e-08	-1.37670382e-06	-3.221519e-05	3.14540004e-07	1.29796395e-06	0.164297068	0	100	0	0	3
130	59	0	2.15951863	-3.47407094e-06	-1.48563113e-06	-3.221519e-05	3.14540004e-07	1.36018203e-06	0.157390451	0	100	0	0	3
131	59	0	2.17613031	-2.86026138e-08	-1.48902765e-06	-3.221519e-05	3.14540004e-07	1.36357855e-06	0.157495418	0	100	0	0	3
132	60	0	2.19274199	4.76610151e-10	-1.48739414e-06	-3.221519e-05	3.14540004e-07	1.35608101e-06	0.157615253	0	100	0	0	3
133	60	0	2.20935367	2.28199158e-08	-1.48183265e-06	-3.221519e-05	3.14540004e-07	1.34821534e-06	0.162679783	0	100	0	0	3
134	61	0	2.22596535	-2.04287999e-06	-1.54799573e-06	-3.221519e-05	3.14540004e-07	1.39605071e-06	0.157791287	0	100	0	0	3
135	61	0	2.24257703	7.74910976e-08	-1.53737638e-06	-3.221519e-05	3.14540004e-07	1.32767065e-06	0.158187719	0	100	0	0	3
136	61	0	2.25918872	1.36649826e-07	-1.44456669e-06	-3.221519e-05	3.14540004e-07	1.32767065e-06	0.157827193	0	100	0	0	3
137	62	0	2.2758004	1.45219072e-07	-1.4380808e-06	-3.221519e-05	3.14540004e-07	1.32767065e-06	0.164241673	0	100	0	0	3
138	62	0	2.29241208	-4.53509953e-06	-1.58983468e-06	-3.221519e-05	3.14540004e-07	1.36950959e-06	0.157596878	0	100	0	0	3
139	63	0	2.30902376	-1.67332283e-09	-1.56260478e-06	-3.221519e-05	3.14540004e-07	1.36950959e-06	0.157744478	0	100	0	0	3
140	63	0	2.32563544	1.413562e-07	-1.56489501e-06	-3.221519e-05	3.14540004e-07	1.36950959e-06	0.159887806	0	100	0	0	3
141	64	0	2.34224712	3.50115897e-07	-1.54960699e-06	-3.221519e-05	3.50115897e-07	1.36950959e-06	0.157719753	0	100	0	0	3
142	64	0	2.35885881	2.0013928e-07	-1.55329733e-06	-3.221519e-05	3.50115897e-07	1.32948978e-06	0.161364804	0	100	0	0	3
143	65	0	2.37547049	-1.48387236e-06	-1.55828808e-06	-3.221519e-05	3.50115897e-07	1.32948978e-06	0.157469647	0	100	0	0	3
144	65	0	2.39208217	-1.38288082e-07	-1.56637775e-06	-3.221519e-05	3.50115897e-07	1.29107768e-06	0.161031874	0	100	0	0	3
145	65	0	2.40869385	2.7494232e-08	-1.51609704e-06	-3.221519e-05	3.50115897e-07	1.29107768e-06	0.158252473	0	100	0	0	3
146	66	0	2.42530553	1.87696927e-07	-1.51952538e-06	-3.221519e-05	3.50115897e-07	1.26039401e-06	0.162483293	0	100	0	0	3
147	66	0	2.44191722	-4.45864889e-07	-1.48203929e-06	-3.221519e-05	3.50115897e-07	1.26039401e-06	0.159403728	0	100	0	0	3
148	67	0	2.4585289	-1.77852137e-08	-1.48743075e-06	-3.221519e-05	3.50115897e-07	1.26039401e-06	0.160009038	0	100	0	0	3
149	67	0	2.47514058	1.99516629e-07	-1.48406243e-06	-3.221519e-05	3.50115897e-07	1.26039401e-06	0.16213027	0	100	0	0	3
150	68	0	2.49175226	-1.04671098e-06	-1.52342296e-06	-3.221519e-05	3.50115897e-07	2.49029647e-07	0.160564894	0	100	0	0	3
151	68	0	2.50836394	-1.04872532e-07	-4.87606269e-07	-4.53509953e-06	3.50115897e-07	1.10222841e-06	0.160307027	0	100	0	0	3
152	68	0	2.52497562	-1.5146664e-07	-4.91610641e-07	-4.53509953e-06	3.50115897e-07	1.10222841e-06	0.167759796	0	100	0	0	3
153	69	0	2.54158731	-2.22759848e-06	-5.6177222e-07	-4.53509953e-06	3.50115897e-07	1.10222841e-06	0.16004618	0	100	0	0	3
154	69	0	2.55819899	2.26750409e-07	-4.85554086e-07	-4.53509953e-06	3.50115897e-07	1.10428059e-06	0.162888104	0	100	0	0	3
155	70	0	2.57481067	-7.35660065e-08	-4.86886457e-07	-4.53509953e-06	3.50115897e-07	1.10428059e-06	0.159979662	0	100	0	0	3
156	70	0	2.59142235	4.45046879e-08	-4.89084864e-07	-4.53509953e-06	3.50115897e-07	1.10428059e-06	0.160830894	0	100	0	0	3
157	71	0	2.60803403	1.74371929e-07	-4.494009e-07	-4.53509953e-06	3.50115897e-07	1.14043378e-06	0.164944617	0	100	0	0	3
158	71	0	2.62464571	-1.56290108e-06	-5.01509727e-07	-4.53509953e-06	3.50115897e-07	1.14043378e-06	0.161306029	0	100	0	0	3
159	72	0	2.6412574	5.98725532e-08	-4.96790836e-07	-4.53509953e-06	3.50115897e-07	1.14043378e-06	0.164025427	0	100	0	0	3
160	72	0	2.65786908	-5.58465614e-07	-5.12878807e-07	-4.53509953e-06	3.50115897e-07	1.14043378e-06	0.159621487	0	100	0	0	3
161	72	0	2.67448076	-5.36655064e-08	-4.02543148e-07	-4.53509953e-06	3.50115897e-07	1.18729153e-06	0.161666808	0	100	0	0	3
162	73	0	2.69109244	-3.986701e-08	-4.02906515e-07	-4.53509953e-06	3.50115897e-07	1.18729153e-06	0.160761915	0	100	0	0	3
163	73	0	2.70770412	2.72228552e-07	-3.94140324e-07	-4.53509953e-06	3.50115897e-07	1.19569435e-06	0.163582562	0	100	0	0	3
164	74	0	2.7243158	-2.5442098e-07	-4.03083578e-07	-4.53509953e-06	3.50115897e-07	1.19569435e-06	0.160788724	0	100	0	0	3
165	74	0	2.74092749	1.08331237e-07	-3.33689668e-07	-4.53509953e-06	3.50115897e-07	1.25614501e-06	0.160218414	0	100	0	0	3
166	74	0	2.75753917	1.25875041e-07	-3.32128895e-07	-4.53509953e-06	3.50115897e-07	1.25770578e-06	0.160057962	0	100	0	0	3
167	75	0	2.77415085	-3.03609663e-08	-3.3751634e-07	-4.53509953e-06	3.50115897e-07	1.25770578e-06	0.166684581	0	100	0	0	3
168	75	0	2.79076253	-7.53288049e-07	-3.66500441e-07	-4.53509953e-06	3.50115897e-07	1.25770578e-06	0.162758681	0	100	0	0	3
169	76	0	2.80737421	2.5417553e-08	-2.19386987e-07	-2.22759848e-06	3.50115897e-07	1.34699076e-06	0.162841196	0	100	0	0	3
170	76	0	2.8239859	8.65458561e-08	-2.16541207e-07	-2.22759848e-06	3.50115897e-07	1.34983654e-06	0.163148537	0	100	0	0	3
171	77	0	2.84059758	-1.44946754e-07	-2.25776786e-07	-2.22759848e-06	3.50115897e-07	1.34983654e-06	0.166840726	0	100	0	0	3
172	77	0	2.85720926	-1.06114812e-07	-2.40493906e-07	-2.22759848e-06	2.72228552e-07	1.34983654e-06	0.161728931	0	100	0	0	3
173	77	0	2.87382094	-3.50530417e-08	-2.48080755e-07	-2.22759848e-06	2.72228552e-07	1.34983654e-06	0.164798249	0	100	0	0	3
174	78	0	2.89043262	1.787559e-08	-1.99637272e-07	-2.22759848e-06	2.72228552e-07	1.36674047e-06	0.16271175	0	100	0	0	3
175	78	0	2.9070443	2.84877615e-07	-1.85986766e-07	-2.22759848e-06	2.84877615e-07	1.33743619e-06	0.17098045	0	100	0	0	3
176	79	0	2.92365599	-1.24002972e-06	-2.26874635e-07	-2.22759848e-06	2.84877615e-07	1.33743619e-06	0.166111587	0	100	0	0	3
177	79	0	2.94026767	1.21486962e-07	-2.29010441e-07	-2.22759848e-06	2.84877615e-07	1.33743619e-06	0.167219183	0	100	0	0	3
178	79	0	2.95687935	-6.86604159e-09	-2.14849188e-07	-2.22759848e-06	2.84877615e-07	1.33743619e-06	0.167232822	0	100	0	0	3
179	80	0	2.97349103	-1.28642834e-08	-2.14690448e-07	-2.22759848e-06	2.84877615e-07	1.33743619e-06	0.176391846	0	100	0	0	3
180	80	0	2.99010271	-2.60134149e-06	-3.0504071e-07	-2.60134149e-06	2.84877615e-07	1.33743619e-06	0.170658316	0	100	0	0	3
181	81	0	3.00671439	5.30301521e-08	-2.69565189e-07	-2.60134149e-06	2.84877615e-07	3.75785454e-07	0.169805965	0	100	0	0	3
182	81	0	3.02332608	2.47162166e-07	-2.58209231e-07	-2.60134149e-06	2.84877615e-07	3.75785454e-07	0.170930583	0	100	0	0	3
183	82	0	3.03993776	4.2070119e-08	-2.5196611e-07	-2.60134149e-06	2.84877615e-07	3.75785454e-07	0.175382042	0	100	0	0	3
184	82	0	3.05654944	-1.01707097e-08	-1.80436182e-07	-2.60134149e-06	2.84877615e-07	3.32442625e-07	0.17374287	0	100	0	0	3
185	82	0	3.07316112	5.19173308e-08	-1.86075959e-07	-2.60134149e-06	2.84877615e-07	3.32442625e-07	0.174015862	0	100	0	0	3
186	83	0	3.0897728	-1.10687054e-07	-1.87273412e-07	-2.60134149e-06	2.84877615e-07	3.32442625e-07	0.176770741	0	100	0	0	3
187	83	0	3.10638448	-1.43409837e-07	-1.93335171e-07	-2.60134149e-06	2.84877615e-07	3.32442625e-07	0.17418343	0	100	0	0	3
188	84	0	3.12299617	9.73791241e-07	-1.67547451e-07	-2.60134149e-06	9.73791241e-07	3.45331356e-07	0.178790141	0	100	0	0	3
189	84	0	3.13960785	-1.80275276e-06	-1.75284602e-07	-2.60134149e-06	9.73791241e-07	3.45331356e-07	0.172704715	0	100	0	0	3
190	84	0	3.15621953	6.14606208e-08	-1.75233374e-07	-2.60134149e-06	9.73791241e-07	3.45331356e-07	0.172722736	0	100	0	0	3
191	85	0	3.17283121	-3.41434918e-09	-1.57328494e-07	-2.60134149e-06	9.73791241e-07	2.45755084e-07	0.172055225	0	100	0	0	3
192	85	0	3.18944289	-1.23309722e-07	-1.59575082e-07	-2.60134149e-06	9.73791241e-07	2.45755084e-07	0.17401099	0	100	0	0	3
193	86	0	3.20605457	-2.02777013e-07	-1.64830243e-07	-2.60134149e-06	9.73791241e-07	2.45755084e-07	0.174107338	0	100	0	0	3
194	86	0	3.22266626	1.09474634e-07	-1.7008037e-07	-2.60134149e-06	9.73791241e-07	2.45755084e-07	0.179586449	0	100	0	0	3
195	86	0	3.23927794	-8.61059691e-07	-1.8964936e-07	-2.60134149e-06	9.73791241e-07	2.09171947e-07	0.176132154	0	100	0	0	3
196	87	0	3.25588962	-8.40488435e-08	-1.95855169e-07	-2.60134149e-06	9.73791241e-07	2.09171947e-07	0.177358232	0	100	0	0	3
197	87	0	3.2725013	-6.8320081e-08	-2.02119528e-07	-2.60134149e-06	9.73791241e-07	2.09171947e-07	0.17753157	0	100	0	0	3
198	88	0	3.28911298	-1.83819879e-07	-2.07069816e-07	-2.60134149e-06	9.73791241e-07	2.09171947e-07	0.1824757	0	100	0	0	3
199	88	0	3.30572467	-2.8720549e-06	-2.75417133e-07	-2.8720549e-06	9.73791241e-07	1.47712215e-07	0.177257902	0	100	0	0	3
200	89	0	3.32233635	-4.2888592e-09	-2.76375405e-07	-2.8720549e-06	9.73791241e-07	1.47712215e-07	0.177646478	0	100	0	0	3
201	90	0	3.33894803	2.47445866e-07	-2.71185082e-07	-2.8720549e-06	9.73791241e-07	1.47712215e-07	0.177580302	0	100	0	0	3
202	90	0	3.35555971	-1.52388397e-07	-2.71425135e-07	-2.8720549e-06	9.73791241e-07	1.47712215e-07	0.177685173	0	100	0	0	3
203	91	0	3.37217139	2.7863998e-08	-2.67103238e-07	-2.8720549e-06	9.73791241e-07	1.47712215e-07	0.177957825	0	100	0	0	3
204	91	0	3.38878307	-1.13068646e-07	-2.6961987e-07	-2.8720549e-06	9.73791241e-07	1.47712215e-07	0.180243496	0	100	0	0	3
205	91	0	3.40539476	-1.63918141e-06	-3.23073322e-07	-2.8720549e-06	9.73791241e-07	1.65744827e-07	0.176591668	0	100	0	0	3
206	92	0	3.42200644	-1.96354093e-07	-3.38596925e-07	-2.8720549e-06	9.73791241e-07	1.81268431e-07	0.176162873	0	100	0	0	3
207	92	0	3.43861812	9.65165816e-08	-2.95482529e-07	-2.8720549e-06	9.73791241e-07	1.81268431e-07	0.178839456	0	100	0	0	3
208	93	0	3.4552298	-1.12401679e-06	-3.35660069e-07	-2.8720549e-06	9.73791241e-07	1.81268431e-07	0.175806655	0	100	0	0	3
209	93	0	3.47184148	1.63217275e-07	-3.3017351e-07	-2.8720549e-06	9.73791241e-07	1.81268431e-07	0.177039311	0	100	0	0	3
210	93	0	3.48845316	-9.94240081e-08	-3.3296576e-07	-2.8720549e-06	9.73791241e-07	1.81268431e-07	0.177310822	0	100	0	0	3
211	94	0	3.50506485	1.08359977e-07	-2.45556035e-07	-2.8720549e-06	9.73791241e-07	1.81268431e-07	0.177367322	0	100	0	0	3
212	94	0	3.52167653	-1.38001071e-07	-2.51718332e-07	-2.8720549e-06	9.73791241e-07	1.81268431e-07	0.17678366	0	100	0	0	3
213	95	0	3.53828821	1.27246036e-08	-2.59280834e-07	-2.8720549e-06	9.73791241e-07	1.81268431e-07	0.177897084	0	100	0	0	3
214	95	0	3.55489989	-6.59445976e-07	-2.81910386e-07	-2.8720549e-06	9.73791241e-07	1.81268431e-07	0.179701393	0	100	0	0	3
215	95	0	3.57151157	-2.22246746e-06	-3.53274797e-07	-2.8720549e-06	9.73791241e-07	1.95946303e-07	0.176555716	0	100	0	0	3
216	96	0	3.58812325	-7.42275796e-08	-3.57343988e-07	-2.8720549e-06	9.73791241e-07	2.00015494e-07	0.176962013	0	100	0	0	3
217	96	0	3.60473494	1.40778803e-08	-3.53319313e-07	-2.8720549e-06	9.73791241e-07	2.00015494e-07	0.176346386	0	100	0	0	3
218	97	0	3.62134662	9.88192941e-08	-3.4550547e-07	-2.8720549e-06	9.73791241e-07	2.00015494e-07	0.175788921	0	100	0	0	3
219	97	0	3.6379583	9.8001386e-08	-3.73756755e-07	-2.8720549e-06	2.47445866e-07	2.16428261e-07	0.179720823	0	100	0	0	3
220	98	0	3.65456998	-2.75597056e-07	-3.24493668e-07	-2.8720549e-06	2.47445866e-07	2.16428261e-07	0.17647257	0	100	0	0	3
221	98	0	3.67118166	-5.19508093e-07	-3.43234594e-07	-2.8720549e-06	2.47445866e-07	2.16428261e-07	0.176361746	0	100	0	0	3
222	98	0	3.68779335	-1.70946633e-07	-3.48638861e-07	-2.8720549e-06	2.47445866e-07	2.14181673e-07	0.178045522	0	100	0	0	3
223	99	0	3.70440503	-8.26013423e-08	-3.47325688e-07	-2.8720549e-06	2.47445866e-07	2.08926512e-07	0.176234611	0	100	0	0	3
224	99	0	3.72101671	-7.45167138e-08	-3.43188259e-07	-2.8720549e-06	2.47445866e-07	2.03676386e-07	0.180715555	0	100	0	0	3
225	100	0	3.73762839	-1.55808131e-06	-3.96980386e-07	-2.8720549e-06	2.47445866e-07	2.07331026e-07	0.176996356	0	100	0	0	3
226	100	0	3.75424007	-7.72037351e-08	-3.7169471e-07	-2.8720549e-06	2.47445866e-07	2.01125217e-07	0.177362331	0	100	0	0	3
227	101	0	3.77085175	-2.32503318e-07	-3.76483564e-07	-2.8720549e-06	2.47445866e-07	1.94860858e-07	0.176465199	0	100	0	0	3
228	101	0	3.78746344	6.32240699e-08	-3.72240205e-07	-2.8720549e-06	2.47445866e-07	1.89910571e-07	0.180065746	0	100	0	0	3
229	101	0	3.80407512	-4.94685128e-07	-3.82268116e-07	-2.8720549e-06	2.47445866e-07	1.51424351e-07	0.176362844	0	100	0	0	3
230	102	0	3.8206868	-1.58576838e-08	-2.90132722e-07	-2.22246746e-06	2.47445866e-07	1.51424351e-07	0.177980299	0	100	0	0	3
231	102	0	3.83729848	1.9348213e-07	-2.83753013e-07	-2.22246746e-06	2.47445866e-07	1.51424351e-07	0.177462415	0	100	0	0	3
232	103	0	3.85391016	-1.43474432e-06	-3.38017212e-07	-2.22246746e-06	1.9348213e-07	1.51424351e-07	0.177296222	0	100	0	0	3
233	103	0	3.87052184	-2.11771431e-07	-3.39932794e-07	-2.22246746e-06	1.9348213e-07	1.51424351e-07	0.177877282	0	100	0	0	3
234	103	0	3.88713353	-1.04676426e-07	-3.44208291e-07	-2.22246746e-06	1.9348213e-07	1.51424351e-07	0.181501008	0	100	0	0	3
235	104	0	3.90374521	-4.85315149e-06	-4.97114189e-07	-4.85315149e-06	1.9348213e-07	2.51558154e-07	0.177343148	0	100	0	0	3
236	104	0	3.92035689	-5.12750915e-08	-4.45891405e-07	-4.85315149e-06	1.9348213e-07	2.51558154e-07	0.177316625	0	100	0	0	3
237	105	0	3.93696857	1.56059189e-07	-4.34523234e-07	-4.85315149e-06	1.9348213e-07	2.51558154e-07	0.177929741	0	100	0	0	3
238	105	0	3.95358025	1.57699496e-07	-4.32549592e-07	-4.85315149e-06	1.9348213e-07	2.51558154e-07	0.17744525	0	100	0	0	3
239	105	0	3.97019193	8.48876868e-08	-3.93552673e-07	-4.85315149e-06	1.9348213e-07	2.51558154e-07	0.179909152	0	100	0	0	3
240	106	0	3.98680362	-2.89544739e-06	-4.92219275e-07	-4.85315149e-06	1.9348213e-07	2.51558154e-07	0.177272825	0	100	0	0	3
241	106	0	4.0034153	1.95690421e-07	-4.82699455e-07	-4.85315149e-06	1.95690421e-07	2.51558154e-07	0.178006342	0	100	0	0	3
