Iteration	CPUTime	PhysTime	Travels	Value	AvValue	MinValue	MaxValue	Delta	Criteria	PrevAvRefValue	Progress	CriteriaType	CriteriaVarType	CriteriaPercentage
1	3	0	0.0166116817	293.200221	293.200221	293.200221	293.200221	0	0	0	0	0	0	3
2	4	0	0.0332233635	293.200416	293.200319	293.200221	293.200416	9.79109899e-05	0	0	0	0	0	3
3	4	0	0.0498350452	293.200605	293.200414	293.200221	293.200605	0.000193419334	0	0	0	0	0	3
4	4	0	0.0664467269	293.200797	293.20051	293.200221	293.200797	0.000289216893	0	0	0	0	0	3
5	5	0	0.0830584087	293.200984	293.200605	293.200221	293.200984	0.000384044293	0	0	0	0	0	3
6	5	0	0.0996700904	293.201223	293.200708	293.200221	293.201223	0.000487041077	0	0	0	0	0	3
7	6	0	0.116281772	293.201428	293.200811	293.200221	293.201428	0.000589950214	0	0	0	0	0	3
8	6	0	0.132893454	293.201623	293.200912	293.200221	293.201623	0.000691497951	0	0	0	0	0	3
9	7	0	0.149505136	293.20181	293.201012	293.200221	293.20181	0.000791219431	0	0	0	0	0	3
10	7	0	0.166116817	293.201989	293.20111	293.200221	293.201989	0.000888959246	0	0	0	0	0	3
11	7	0	0.182728499	293.202267	293.201215	293.200221	293.202267	0.000994156912	0	0	0	0	0	3
12	8	0	0.199340181	293.202303	293.201305	293.200221	293.202303	0.00108481362	0	0	0	0	0	3
13	8	0	0.215951863	293.202292	293.201381	293.200221	293.202303	0.00116073523	0	0	0	0	0	3
14	9	0	0.232563544	293.202321	293.201448	293.200221	293.202321	0.00122783109	0	0	0	0	0	3
15	9	0	0.249175226	293.202305	293.201506	293.200221	293.202321	0.00128495057	0	0	0	0	0	3
16	10	0	0.265786908	293.202365	293.201559	293.200221	293.202365	0.0013386857	0	0	0	0	0	3
17	10	0	0.28239859	293.202404	293.201609	293.200221	293.202404	0.00138835874	0	0	0	0	0	3
18	11	0	0.299010271	293.202465	293.201657	293.200221	293.202465	0.00143589378	0	0	0	0	0	3
19	11	0	0.315621953	293.202493	293.201701	293.200221	293.202493	0.00147992169	0	0	0	0	0	3
20	12	0	0.332233635	293.202545	293.201743	293.200221	293.202545	0.00152216437	0	0	0	0	0	3
21	12	0	0.348845316	293.202596	293.201783	293.200221	293.202596	0.00156279627	0	0	0	0	0	3
22	13	0	0.365456998	293.202619	293.201821	293.200221	293.202619	0.00160076751	0	0	0	0	0	3
23	13	0	0.38206868	293.202618	293.201856	293.200221	293.202619	0.00163539677	0	0	0	0	0	3
24	14	0	0.398680362	293.202641	293.201889	293.200221	293.202641	0.00166809262	0	0	0	0	0	3
25	14	0	0.415292043	293.202635	293.201919	293.200221	293.202641	0.00169796202	0	0	0	0	0	3
26	14	0	0.431903725	293.202646	293.201947	293.200221	293.202646	0.00172592449	0	0	0	0	0	3
27	15	0	0.448515407	293.202623	293.201972	293.200221	293.202646	0.00175096069	0	0	0	0	0	3
28	15	0	0.465127089	293.202596	293.201994	293.200221	293.202646	0.00177325432	0	0	0	0	0	3
29	16	0	0.48173877	293.202563	293.202014	293.200221	293.202646	0.00179289001	0	0	0	0	0	3
30	16	0	0.498350452	293.202536	293.202031	293.200221	293.202646	0.00181029596	0	0	0	0	0	3
31	17	0	0.514962134	293.202523	293.202047	293.200221	293.202646	0.00182615324	0	0	0	0	0	3
32	17	0	0.531573816	293.202518	293.202121	293.200416	293.202646	0.00180234138	0	0	0	0	0	3
33	17	0	0.548185497	293.202526	293.202189	293.200605	293.202646	0.0017748727	0	0	0	0	0	3
34	18	0	0.564797179	293.202549	293.202252	293.200797	293.202646	0.00174177443	0	0	0	0	0	3
35	18	0	0.581408861	293.202587	293.202309	293.200984	293.202646	0.00166163231	0	0	0	0	0	3
36	19	0	0.598020542	293.202671	293.202364	293.201223	293.202671	0.00144822651	0	0	0	0	0	3
37	19	0	0.614632224	293.202774	293.202414	293.201428	293.202774	0.00134576496	0	0	0	0	0	3
38	20	0	0.631243906	293.202893	293.202461	293.201623	293.202893	0.00126988831	0	0	0	0	0	3
39	20	0	0.647855588	293.203033	293.202507	293.20181	293.203033	0.00122384188	0	0	0	0	0	3
40	21	0	0.664467269	293.203193	293.202551	293.201989	293.203193	0.00120379073	0	0	0	0	0	3
41	21	0	0.681078951	293.203456	293.202599	293.202267	293.203456	0.00118898934	0	0	0	0	0	3
42	22	0	0.697690633	293.203752	293.202646	293.202292	293.203752	0.00134095801	0	0	0	0	0	3
43	22	0	0.714302315	293.20407	293.202703	293.202292	293.20407	0.00132205047	0	0	0	0	0	3
44	23	0	0.730913996	293.20441	293.202772	293.202305	293.20441	0.00132327752	0	0	0	0	0	3
45	23	0	0.747525678	293.204761	293.202851	293.202305	293.204761	0.00134488662	0	0	0	0	0	3
46	24	0	0.76413736	293.205127	293.202942	293.202365	293.205127	0.00138216385	0	0	0	0	0	3
47	24	0	0.780749042	293.205496	293.203043	293.202404	293.205496	0.00143348855	0	0	0	0	0	3
48	24	0	0.797360723	293.205879	293.203155	293.202465	293.205879	0.00149804508	0	0	0	0	0	3
49	25	0	0.813972405	293.206271	293.203277	293.202493	293.206271	0.001576798	0	0	0	0	0	3
50	25	0	0.830584087	293.206682	293.203413	293.202518	293.206682	0.00166969125	0	0	0	0	0	3
51	26	0	0.847195769	293.207098	293.203559	293.202518	293.207098	0.0017759243	0	0	0	0	0	3
52	26	0	0.86380745	293.207524	293.203718	293.202518	293.207524	0.00189690162	0	0	0	0	0	3
53	26	0	0.880419132	293.207956	293.20389	293.202518	293.207956	0.00203443853	0	0	0	0	0	3
54	27	0	0.897030814	293.208405	293.204077	293.202518	293.208405	0.00218842223	0	0	0	0	0	3
55	27	0	0.913642495	293.208867	293.204278	293.202518	293.208867	0.00235941381	0	0	0	0	0	3
56	28	0	0.930254177	293.209342	293.204494	293.202518	293.209342	0.00254778645	0	0	0	0	0	3
57	28	0	0.946865859	293.209827	293.204726	293.202518	293.209827	0.00275440562	0	0	0	0	0	3
58	29	0	0.963477541	293.210314	293.204974	293.202518	293.210314	0.0029802252	0	0	0	0	0	3
59	29	0	0.980089222	293.210801	293.205239	293.202518	293.210801	0.00322528202	0	0	0	0	0	3
60	29	0	0.996700904	293.211286	293.20552	293.202518	293.211286	0.00348925837	0	0	0	0	0	3
61	30	0	1.01331259	293.211767	293.205818	293.202518	293.211767	0.00377119909	0.000334871114	0	8.8	0	0	3
62	30	0	1.02992427	293.212242	293.206132	293.202518	293.212242	0.00401064528	0.000349120217	0	8.7	0	0	3
63	31	0	1.04653595	293.212713	293.20646	293.202526	293.212713	0.00427147592	0.000356174355	0	8.3	0	0	3
64	31	0	1.06314763	293.213184	293.206804	293.202549	293.213184	0.00455258888	0.000361315783	0	7.9	0	0	3
65	31	0	1.07975931	293.213662	293.207163	293.202587	293.213662	0.00485333129	0.000366070979	0	7.5	0	0	3
66	32	0	1.09637099	293.21415	293.207536	293.202671	293.21415	0.00517189171	0.000370418578	0	7.1	0	0	3
67	32	0	1.11298268	293.214649	293.207922	293.202774	293.214649	0.00550823538	0.000374785375	0	6.8	0	0	3
68	33	0	1.12959436	293.215154	293.208321	293.202893	293.215154	0.00586035104	0.00037923563	0	6.4	0	0	3
69	33	0	1.14620604	293.215665	293.208733	293.203033	293.215665	0.00622684978	0.000383788144	0	6.1	0	0	3
70	34	0	1.16281772	293.216181	293.209158	293.203193	293.216181	0.00660632221	0.000388449276	0	5.8	0	0	3
71	34	0	1.1794294	293.216715	293.209594	293.203456	293.216715	0.00699521921	0.00039295011	0	5.6	0	0	3
72	34	0	1.19604108	293.217265	293.210039	293.203752	293.217265	0.00739278784	0.000398062155	0	5.3	0	0	3
73	35	0	1.21265277	293.217829	293.210493	293.20407	293.217829	0.00778989254	0.000403732355	0	5.1	0	0	3
74	35	0	1.22926445	293.218398	293.210956	293.20441	293.218398	0.00818375252	0.000409812604	0	5	0	0	3
75	36	0	1.24587613	293.21897	293.211425	293.204761	293.21897	0.00857469506	0.00041625096	0	4.8	0	0	3
76	36	0	1.26248781	293.219544	293.211902	293.205127	293.219544	0.00896053694	0.00042285776	0	4.7	0	0	3
77	37	0	1.27909949	293.220126	293.212386	293.205496	293.220126	0.00934339565	0.000429658704	0	4.5	0	0	3
78	37	0	1.29571118	293.220719	293.212877	293.205879	293.220719	0.00972235697	0.00043659812	0	4.4	0	0	3
79	37	0	1.31232286	293.221308	293.213375	293.206271	293.221308	0.0100972821	0.000443700046	0	4.3	0	0	3
80	38	0	1.32893454	293.221895	293.213879	293.206682	293.221895	0.0104661378	0.00045094246	0	4.3	0	0	3
81	38	0	1.34554622	293.222477	293.214388	293.207098	293.222477	0.0108287874	0.000458334612	0	4.2	0	0	3
82	39	0	1.3621579	293.223061	293.214903	293.207524	293.223061	0.0111847642	0.000465856586	0	4.1	0	0	3
83	39	0	1.37876958	293.223649	293.215423	293.207956	293.223649	0.0115327768	0.000473496706	0	4.1	0	0	3
84	39	0	1.39538127	293.224245	293.215949	293.208405	293.224245	0.0118715435	0.000481249555	0	4	0	0	3
85	40	0	1.41199295	293.224835	293.216479	293.208867	293.224835	0.0122006695	0.000489093529	0	4	0	0	3
86	40	0	1.42860463	293.225418	293.217013	293.209342	293.225418	0.0125182124	0.000497009709	0	3.9	0	0	3
87	41	0	1.44521631	293.225994	293.21755	293.209827	293.225994	0.0128237194	0.000504981847	0	3.9	0	0	3
88	41	0	1.46182799	293.226566	293.21809	293.210314	293.226566	0.0131155796	0.000512999264	0	3.9	0	0	3
89	42	0	1.47843967	293.227155	293.218633	293.210801	293.227155	0.0133941375	0.000521074758	0	3.8	0	0	3
90	42	0	1.49505136	293.227749	293.21918	293.211286	293.227749	0.013659455	0.000529207975	0	3.8	0	0	3
91	42	0	1.51166304	293.228348	293.21973	293.211767	293.228348	0.0139120482	0.000537398307	0	3.8	0	0	3
92	43	0	1.52827472	293.228938	293.220284	293.212242	293.228938	0.0141523992	0.000545631121	0	3.8	0	0	3
93	43	0	1.5448864	293.22953	293.220842	293.212713	293.22953	0.0143812079	0.000553897124	0	3.8	0	0	3
94	44	0	1.56149808	293.230127	293.221403	293.213184	293.230127	0.0145991464	0.000562183464	0	3.8	0	0	3
95	44	0	1.57810976	293.230735	293.22197	293.213662	293.230735	0.0148068286	0.000570484936	0	3.8	0	0	3
96	45	0	1.59472145	293.23135	293.22254	293.21415	293.23135	0.0150044511	0.000578767844	0	3.8	0	0	3
97	45	0	1.61133313	293.231962	293.223115	293.214649	293.231962	0.0151926669	0.000587014549	0	3.8	0	0	3
98	45	0	1.62794481	293.232569	293.223693	293.215154	293.232569	0.015371379	0.000595211163	0	3.8	0	0	3
99	46	0	1.64455649	293.233189	293.224275	293.215665	293.233189	0.0155411404	0.000603354529	0	3.8	0	0	3
100	46	0	1.66116817	293.233816	293.22486	293.216181	293.233816	0.0157025484	0.000611439658	0	3.8	0	0	3
101	47	0	1.67777986	293.234462	293.22545	293.216715	293.234462	0.0158560589	0.000619408099	0	3.9	0	0	3
102	47	0	1.69439154	293.235118	293.226043	293.217265	293.235118	0.0160042351	0.00062725181	0	3.9	0	0	3
103	48	0	1.71100322	293.23578	293.226641	293.217829	293.23578	0.0161473582	0.000634966938	0	3.9	0	0	3
104	48	0	1.7276149	293.236436	293.227241	293.218398	293.236436	0.0162853847	0.000642543498	0	3.9	0	0	3
105	49	0	1.74422658	293.237086	293.227844	293.21897	293.237086	0.0164185636	0.000649979892	0	3.9	0	0	3
106	49	0	1.76083826	293.237739	293.228449	293.219544	293.237739	0.0165471565	0.000657277539	0	3.9	0	0	3
107	49	0	1.77744995	293.238402	293.229058	293.220126	293.238402	0.0166716413	0.000664449383	0	3.9	0	0	3
108	50	0	1.79406163	293.239069	293.229669	293.220719	293.239069	0.0167916507	0.000671497601	0	3.9	0	0	3
109	50	0	1.81067331	293.239751	293.230283	293.221308	293.239751	0.0169078883	0.000678433279	0	4	0	0	3
110	51	0	1.82728499	293.240442	293.2309	293.221895	293.240442	0.0170211443	0.000685257022	0	4	0	0	3
111	51	0	1.84389667	293.241132	293.23152	293.222477	293.241132	0.0171322002	0.000691972301	0	4	0	0	3
112	51	0	1.86050835	293.241832	293.232145	293.223061	293.241832	0.0172416168	0.000698585601	0	4	0	0	3
113	52	0	1.87712004	293.242539	293.232773	293.223649	293.242539	0.0173497514	0.000705102804	0	4	0	0	3
114	52	0	1.89373172	293.243255	293.233405	293.224245	293.243255	0.0174567583	0.00071152546	0	4	0	0	3
115	53	0	1.9103434	293.243976	293.234042	293.224835	293.243976	0.0175632769	0.000717854082	0	4	0	0	3
116	53	0	1.92695508	293.244704	293.234683	293.225418	293.244704	0.017670344	0.000724090546	0	4	0	0	3
117	53	0	1.94356676	293.24543	293.235328	293.225994	293.24543	0.0177787388	0.000730233382	0	4.1	0	0	3
118	54	0	1.96017844	293.246179	293.23598	293.226566	293.246179	0.0178899134	0.000736298808	0	4.1	0	0	3
119	54	0	1.97679013	293.246933	293.236637	293.227155	293.246933	0.0180036565	0.000742292774	0	4.1	0	0	3
120	55	0	1.99340181	293.247699	293.237299	293.227749	293.247699	0.0181196824	0.000748226692	0	4.1	0	0	3
121	55	0	2.01001349	293.248462	293.237968	293.228348	293.248462	0.0182374634	0.000754103685	0	4.1	0	0	3
122	55	0	2.02662517	293.249239	293.238641	293.228938	293.249239	0.0183574701	0.00075993652	0	4.1	0	0	3
123	56	0	2.04323685	293.250009	293.239321	293.22953	293.250009	0.0184794837	0.000765725935	0	4.1	0	0	3
124	56	0	2.05984854	293.250789	293.240007	293.230127	293.250789	0.018603486	0.000771478669	0	4.1	0	0	3
125	57	0	2.07646022	293.251562	293.240698	293.230735	293.251562	0.0187287718	0.000777190041	0	4.1	0	0	3
126	57	0	2.0930719	293.252343	293.241395	293.23135	293.252343	0.0188551881	0.000782860804	0	4.1	0	0	3
127	57	0	2.10968358	293.253121	293.242098	293.231962	293.253121	0.0189828719	0.000788486751	0	4.1	0	0	3
128	58	0	2.12629526	293.25391	293.242806	293.232569	293.25391	0.0191127987	0.000794071777	0	4.1	0	0	3
129	58	0	2.14290694	293.254691	293.243519	293.233189	293.254691	0.0192446361	0.000799611548	0	4.1	0	0	3
130	59	0	2.15951863	293.255491	293.244239	293.233816	293.255491	0.0193785494	0.000805114392	0	4.1	0	0	3
131	59	0	2.17613031	293.25628	293.244963	293.234462	293.25628	0.0195134954	0.000810569031	0	4.1	0	0	3
132	60	0	2.19274199	293.257072	293.245693	293.235118	293.257072	0.0196492282	0.000815972462	0	4.1	0	0	3
133	60	0	2.20935367	293.257853	293.246426	293.23578	293.257853	0.0197853761	0.00082131621	0	4.1	0	0	3
134	61	0	2.22596535	293.258637	293.247163	293.236436	293.258637	0.0199224987	0.000826601959	0	4.1	0	0	3
135	61	0	2.24257703	293.259413	293.247905	293.237086	293.259413	0.0200608638	0.000831827538	0	4.1	0	0	3
136	61	0	2.25918872	293.260209	293.248651	293.237739	293.260209	0.0202013114	0.000837002538	0	4.1	0	0	3
137	62	0	2.2758004	293.261006	293.249401	293.238402	293.261006	0.0203435082	0.00084212603	0	4.1	0	0	3
138	62	0	2.29241208	293.261808	293.250156	293.239069	293.261808	0.0204874727	0.000847198135	0	4.1	0	0	3
139	63	0	2.30902376	293.262597	293.250915	293.239751	293.262597	0.0206324965	0.000852217245	0	4.1	0	0	3
140	63	0	2.32563544	293.263384	293.251677	293.240442	293.263384	0.0207775823	0.000857184976	0	4.1	0	0	3
141	64	0	2.34224712	293.264164	293.252443	293.241132	293.264164	0.0209222232	0.000862102598	0	4.1	0	0	3
142	64	0	2.35885881	293.264952	293.253211	293.241832	293.264952	0.0210662488	0.000866974445	0	4.1	0	0	3
143	65	0	2.37547049	293.265732	293.253982	293.242539	293.265732	0.0212089217	0.000871797946	0	4.1	0	0	3
144	65	0	2.39208217	293.266511	293.254755	293.243255	293.266511	0.0213497861	0.000876571471	0	4.1	0	0	3
145	65	0	2.40869385	293.267273	293.25553	293.243976	293.267273	0.0214880575	0.000881292743	0	4.1	0	0	3
146	66	0	2.42530553	293.268039	293.256306	293.244704	293.268039	0.0216233166	0.000885967351	0	4	0	0	3
147	66	0	2.44191722	293.268793	293.257083	293.24543	293.268793	0.0217548393	0.000890595439	0	4	0	0	3
148	67	0	2.4585289	293.269561	293.257862	293.246179	293.269561	0.0218821247	0.000895184653	0	4	0	0	3
149	67	0	2.47514058	293.270324	293.258641	293.246933	293.270324	0.0220039909	0.000899728911	0	4	0	0	3
150	68	0	2.49175226	293.271087	293.25942	293.247699	293.271087	0.0221204424	0.000904228056	0	4	0	0	3
151	68	0	2.50836394	293.271835	293.260198	293.248462	293.271835	0.0222308413	0.000908676647	0	4	0	0	3
152	68	0	2.52497562	293.272573	293.260976	293.249239	293.272573	0.0223347149	0.000913076409	0	4	0	0	3
153	69	0	2.54158731	293.273303	293.261752	293.250009	293.273303	0.0224312728	0.000917425339	0	4	0	0	3
154	69	0	2.55819899	293.274042	293.262528	293.250789	293.274042	0.0225207861	0.000921726678	0	4	0	0	3
155	70	0	2.57481067	293.274776	293.263301	293.251562	293.274776	0.0226031151	0.000925976712	0	4	0	0	3
156	70	0	2.59142235	293.275507	293.264074	293.252343	293.275507	0.0226785254	0.000930173855	0	4.1	0	0	3
157	71	0	2.60803403	293.276234	293.264845	293.253121	293.276234	0.0227469273	0.000934319433	0	4.1	0	0	3
158	71	0	2.62464571	293.276966	293.265614	293.25391	293.276966	0.0228081055	0.000938418211	0	4.1	0	0	3
159	72	0	2.6412574	293.277702	293.266381	293.254691	293.277702	0.0228619936	0.00094246913	0	4.1	0	0	3
160	72	0	2.65786908	293.278447	293.267148	293.255491	293.278447	0.0229089097	0.000946473961	0	4.1	0	0	3
161	72	0	2.67448076	293.279186	293.267912	293.25628	293.279186	0.0229059729	0.00095042651	0	4.1	0	0	3
162	73	0	2.69109244	293.27992	293.268674	293.257072	293.27992	0.0228475683	0.000954323753	0	4.1	0	0	3
163	73	0	2.70770412	293.280643	293.269435	293.257853	293.280643	0.0227900974	0.000958162855	0	4.2	0	0	3
164	74	0	2.7243158	293.281362	293.270193	293.258637	293.281362	0.0227249816	0.000961945609	0	4.2	0	0	3
165	74	0	2.74092749	293.28208	293.270949	293.259413	293.28208	0.0226662365	0.00096567503	0	4.2	0	0	3
166	74	0	2.75753917	293.282815	293.271704	293.260209	293.282815	0.0226058757	0.000969356877	0	4.2	0	0	3
167	75	0	2.77415085	293.28354	293.272457	293.261006	293.28354	0.0225338197	0.000972986695	0	4.3	0	0	3
168	75	0	2.79076253	293.284266	293.273207	293.261808	293.284266	0.022458144	0.000976565476	0	4.3	0	0	3
169	76	0	2.80737421	293.284977	293.273955	293.262597	293.284977	0.022380183	0.000980086015	0	4.3	0	0	3
170	76	0	2.8239859	293.285688	293.274699	293.263384	293.285688	0.0223041828	0.000983547297	0	4.4	0	0	3
171	77	0	2.84059758	293.286383	293.275441	293.264164	293.286383	0.0222189099	0.000986946969	0	4.4	0	0	3
172	77	0	2.85720926	293.287092	293.276181	293.264952	293.287092	0.0221403771	0.000990288041	0	4.4	0	0	3
173	77	0	2.87382094	293.287801	293.276918	293.265732	293.287801	0.0220689147	0.000993570118	0	4.5	0	0	3
174	78	0	2.89043262	293.288517	293.277653	293.266511	293.288517	0.0220055486	0.00099679391	0	4.5	0	0	3
175	78	0	2.9070443	293.289226	293.278386	293.267273	293.289226	0.0219525346	0.000999957796	0	4.5	0	0	3
176	79	0	2.92365599	293.289928	293.279117	293.268039	293.289928	0.021889473	0.00100306019	0	4.5	0	0	3
177	79	0	2.94026767	293.290635	293.279846	293.268793	293.290635	0.0218419464	0.00100610415	0	4.6	0	0	3
178	79	0	2.95687935	293.29135	293.280573	293.269561	293.29135	0.0217890711	0.00100908727	0	4.6	0	0	3
179	80	0	2.97349103	293.292054	293.281299	293.270324	293.292054	0.0217293965	0.00101200702	0	4.6	0	0	3
180	80	0	2.99010271	293.292746	293.282022	293.271087	293.292746	0.0216586207	0.00101485908	0	4.6	0	0	3
181	81	0	3.00671439	293.293434	293.282743	293.271835	293.293434	0.0215993253	0.00101764492	0	4.7	0	0	3
182	81	0	3.02332608	293.294122	293.283462	293.272573	293.294122	0.0215484148	0.00102036253	0	4.7	0	0	3
183	82	0	3.03993776	293.294813	293.284179	293.273303	293.294813	0.0215102858	0.00102301644	0	4.7	0	0	3
184	82	0	3.05654944	293.295512	293.284896	293.274042	293.295512	0.0214697678	0.00102560726	0	4.7	0	0	3
185	82	0	3.07316112	293.29621	293.285611	293.274776	293.29621	0.0214336217	0.00102813809	0	4.7	0	0	3
186	83	0	3.0897728	293.296895	293.286324	293.275507	293.296895	0.0213873982	0.00103060548	0	4.8	0	0	3
187	83	0	3.10638448	293.29757	293.287036	293.276234	293.29757	0.0213361365	0.00103300911	0	4.8	0	0	3
188	84	0	3.12299617	293.29823	293.287745	293.276966	293.29823	0.02126404	0.00103534437	0	4.8	0	0	3
189	84	0	3.13960785	293.2989	293.288453	293.277702	293.2989	0.0211972613	0.00103761722	0	4.8	0	0	3
190	84	0	3.15621953	293.299578	293.289159	293.278447	293.299578	0.0211303888	0.0010398264	0	4.9	0	0	3
191	85	0	3.17283121	293.300261	293.289862	293.279186	293.300261	0.0210753047	0.00104197726	0	4.9	0	0	3
192	85	0	3.18944289	293.300948	293.290564	293.27992	293.300948	0.0210285536	0.0010440712	0	4.9	0	0	3
193	86	0	3.20605457	293.301628	293.291265	293.280643	293.301628	0.0209848683	0.00104611042	0	4.9	0	0	3
194	86	0	3.22266626	293.302298	293.291963	293.281362	293.302298	0.0209356522	0.0010480932	0	5	0	0	3
195	86	0	3.23927794	293.302973	293.29266	293.28208	293.302973	0.02089311	0.0010500237	0	5	0	0	3
196	87	0	3.25588962	293.303652	293.293356	293.282815	293.303652	0.0208372243	0.00105189977	0	5	0	0	3
197	87	0	3.2725013	293.304322	293.29405	293.28354	293.304322	0.0207820882	0.00105372019	0	5	0	0	3
198	88	0	3.28911298	293.304973	293.294741	293.284266	293.304973	0.0207065702	0.00105548093	0	5	0	0	3
199	88	0	3.30572467	293.305627	293.29543	293.284977	293.305627	0.0206498634	0.00105718687	0	5.1	0	0	3
200	89	0	3.32233635	293.30629	293.296118	293.285688	293.30629	0.0206019968	0.00105884154	0	5.1	0	0	3
201	90	0	3.33894803	293.306963	293.296804	293.286383	293.306963	0.0205800477	0.00106044959	0	5.1	0	0	3
202	90	0	3.35555971	293.307642	293.29749	293.287092	293.307642	0.0205497252	0.00106201167	0	5.1	0	0	3
203	91	0	3.37217139	293.308315	293.298175	293.287801	293.308315	0.0205138709	0.00106352908	0	5.1	0	0	3
204	91	0	3.38878307	293.30898	293.298858	293.288517	293.30898	0.0204631796	0.00106500134	0	5.2	0	0	3
205	91	0	3.40539476	293.309641	293.299539	293.289226	293.309641	0.0204152102	0.00106643211	0	5.2	0	0	3
206	92	0	3.42200644	293.310304	293.300219	293.289928	293.310304	0.0203758569	0.00106782195	0	5.2	0	0	3
207	92	0	3.43861812	293.310969	293.300898	293.290635	293.310969	0.020333315	0.00106917425	0	5.2	0	0	3
208	93	0	3.4552298	293.311629	293.301575	293.29135	293.311629	0.0202789777	0.00107048628	0	5.2	0	0	3
209	93	0	3.47184148	293.312294	293.302251	293.292054	293.312294	0.0202401237	0.0010717606	0	5.2	0	0	3
210	93	0	3.48845316	293.31296	293.302925	293.292746	293.31296	0.0202135144	0.0010729982	0	5.3	0	0	3
211	94	0	3.50506485	293.313622	293.303598	293.293434	293.313622	0.0201876631	0.00107420228	0	5.3	0	0	3
212	94	0	3.52167653	293.314284	293.304271	293.294122	293.314284	0.0201626214	0.00107537532	0	5.3	0	0	3
213	95	0	3.53828821	293.314956	293.304943	293.294813	293.314956	0.0201428163	0.00107652149	0	5.3	0	0	3
214	95	0	3.55489989	293.315611	293.305614	293.295512	293.315611	0.0200994528	0.00107763623	0	5.3	0	0	3
215	95	0	3.57151157	293.316268	293.306284	293.29621	293.316268	0.0200580879	0.00107872139	0	5.3	0	0	3
216	96	0	3.58812325	293.316915	293.306952	293.296895	293.316915	0.0200205779	0.00107977634	0	5.3	0	0	3
217	96	0	3.60473494	293.317562	293.307618	293.29757	293.317562	0.0199918474	0.00108080239	0	5.4	0	0	3
218	97	0	3.62134662	293.318212	293.308284	293.29823	293.318212	0.0199819968	0.00108179971	0	5.4	0	0	3
219	97	0	3.6379583	293.318866	293.30895	293.2989	293.318866	0.0199661267	0.00108276871	0	5.4	0	0	3
220	98	0	3.65456998	293.319533	293.309615	293.299578	293.319533	0.0199553519	0.00108371087	0	5.4	0	0	3
221	98	0	3.67118166	293.32021	293.310281	293.300261	293.32021	0.0199484866	0.00108462963	0	5.4	0	0	3
222	98	0	3.68779335	293.320877	293.310946	293.300948	293.320877	0.0199289749	0.00108552464	0	5.4	0	0	3
223	99	0	3.70440503	293.32154	293.31161	293.301628	293.32154	0.0199118852	0.00108639735	0	5.4	0	0	3
224	99	0	3.72101671	293.322187	293.312273	293.302298	293.322187	0.0198888829	0.00108724605	0	5.4	0	0	3
225	100	0	3.73762839	293.322846	293.312936	293.302973	293.322846	0.0198728238	0.00108807368	0	5.4	0	0	3
226	100	0	3.75424007	293.323492	293.313598	293.303652	293.323492	0.0198398524	0.00108887513	0	5.4	0	0	3
227	101	0	3.77085175	293.324141	293.314259	293.304322	293.324141	0.019818909	0.00108965317	0	5.4	0	0	3
228	101	0	3.78746344	293.324785	293.314919	293.304973	293.324785	0.0198118409	0.00109040706	0	5.5	0	0	3
229	101	0	3.80407512	293.32544	293.315579	293.305627	293.32544	0.0198126505	0.00109114199	0	5.5	0	0	3
230	102	0	3.8206868	293.326098	293.31624	293.30629	293.326098	0.0198084174	0.00109185897	0	5.5	0	0	3
231	102	0	3.83729848	293.326758	293.3169	293.306963	293.326758	0.0197956397	0.00109256139	0	5.5	0	0	3
232	103	0	3.85391016	293.327412	293.31756	293.307642	293.327412	0.0197704974	0.00109324587	0	5.5	0	0	3
233	103	0	3.87052184	293.328068	293.318219	293.308315	293.328068	0.0197530422	0.00109391309	0	5.5	0	0	3
234	103	0	3.88713353	293.328694	293.318876	293.30898	293.328694	0.0197138223	0.001094557	0	5.5	0	0	3
235	104	0	3.90374521	293.329331	293.319532	293.309641	293.329331	0.0196901788	0.00109518117	0	5.5	0	0	3
236	104	0	3.92035689	293.329965	293.320188	293.310304	293.329965	0.0196604139	0.00109578635	0	5.5	0	0	3
237	105	0	3.93696857	293.330623	293.320843	293.310969	293.330623	0.0196544311	0.00109637638	0	5.5	0	0	3
238	105	0	3.95358025	293.331262	293.321498	293.311629	293.331262	0.0196326883	0.00109694685	0	5.5	0	0	3
239	105	0	3.97019193	293.331918	293.322153	293.312294	293.331918	0.0196247132	0.00109750302	0	5.5	0	0	3
240	106	0	3.98680362	293.33257	293.322807	293.31296	293.33257	0.0196107046	0.00109804617	0	5.5	0	0	3
241	106	0	4.0034153	293.333246	293.323461	293.313622	293.333246	0.0196240979	0.00109858121	0	5.5	0	0	3
